99533
127792
29300
15108
99534
72912
127793
153603
44649
179143
1
127791
204619
99535
29301
15107
3
2
29305
9
15109
204621
140282
140283
166083
179145
72914
10
86038
241716
113135
229628
204624
191635
58507
29307
15115
72915
254604
216824
229629
113137
72916
113138
86039
140286
11
58508
72921
58514
58513
44653
15118
153617
216828
58515
13
15
127805
16
241723
229031
229636
179151
14245
229638
166086
14247
15125
19
20
86049
15126
15133
14248
15134
72933
23
22
44666
40
58542
15136
36
179165
15145
41
45
15144
49
15139
254622
15146
15149
15150
166127
50
57
60
58575
15160
65
68
15163
14254
69
15165
14255
73
15169
15170
76
15171
14256
153665
15173
77
15175
99596
79
80
81
82
83
15177
84
191701
15190
85
15191
216895
87
88
89
166150
153686
90
72030
204682
15193
241780
99620
229697
93
216904
15198
29391
191711
15203
15200
266285
44733
58604
95
100
15202
14258
15207
15209
191721
179218
15208
229703
241783
179219
58618
15212
15213
15211
29397
105
86136
44750
15218
106
110
107
73022
15221
15220
204707
15223
179235
127898
15225
15224
241799
99643
29408
112
99647
15226
113
119
15227
116
118
117
127903
120
58638
15231
121
15232
122
123
125
15235
15234
179250
127
15236
58650
129
15240
153727
15241
58651
15243
73040
130
166192
15244
132
15247
15248
138
133
73047
15251
15252
15254
139
15259
135
140
229735
141
15265
144
146
29457
15266
147
151
148
58680
15267
153
154
15269
156
157
15273
15272
158
160
161
15275
15274
162
58692
166
165
58700
15283
15281
15284
15290
15293
169
58706
173
171
175
180
181
127944
127943
182
99698
99701
99700
15298
216966
183
184
15300
186
187
166233
73091
188
15302
189
193
194
190
195
196
15309
198
15355
15311
15356
128025
230
15357
231
217034
15358
15359
15361
99796
235
315
354
387
15503
392
113465
15504
58888
58896
409
140686
128171
15513
414
417
433
15530
15533
435
437
15532
439
45070
442
441
45072
15535
58934
446
444
15537
86509
86506
192019
192020
448
230020
450
140716
140717
140718
140719
140720
140721
140722
140723
140724
140725
45081
140727
154019
140728
140729
140730
266587
58944
45096
451
192047
15541
192048
73379
140737
29771
166502
456
100013
457
217203
15545
73380
29780
100018
464
15549
15548
465
15550
15551
466
29784
45104
469
128222
15553
467
468
15552
86529
100025
470
15558
29789
29790
45112
15559
15560
471
100031
472
473
477
474
476
15565
15562
479
15567
481
482
15569
484
15570
15573
487
485
230046
45120
15575
242106
230050
242110
230054
230055
242111
230056
254950
230059
230053
242112
230057
254953
230061
242114
230058
230062
254957
230064
86543
86544
230063
73393
73394
14259
152928
489
15577
86546
491
29807
128241
154052
192068
179563
45125
128242
192070
492
178542
217221
205077
140766
15581
15579
58979
15582
166534
494
128248
29811
15584
495
496
205091
497
643
507
15873
779
45406
780
30097
14520
15874
179606
192124
242151
179607
154076
140802
205116
179608
128370
15875
100256
791
100266
154085
45423
792
204001
192136
59264
242162
799
794
30121
15887
86806
804
59280
15891
73663
166579
59285
179630
809
814
15899
15892
15908
266650
815
818
45451
242177
217283
15909
229063
100283
205141
217284
30133
179642
819
192141
73683
820
15912
15913
154126
113824
100284
30136
192145
15914
30139
821
166603
832
59305
230124
30152
154129
113841
30153
140823
217295
113842
86826
113843
266656
45454
86827
834
230125
30155
835
14522
837
14523
217296
839
86828
100286
140830
840
230126
230127
140831
73693
154131
179647
166607
166608
45456
45459
230130
230131
30160
15916
192161
100292
30162
841
217298
179655
140833
86829
15921
15922
842
100294
15929
848
192163
849
30166
852
857
59313
15932
86834
30181
179658
73710
113848
100309
73717
73718
73719
192174
866
113859
868
15938
30182
873
30183
128446
128445
140847
100314
875
100317
217321
45473
205158
154149
166622
45474
230142
154150
876
166629
230145
140850
30189
86852
192189
14524
73722
140859
128448
255022
45476
15939
877
178544
886
15944
179670
128457
14525
140864
140876
73736
15945
890
242213
192203
14526
15950
891
30206
86867
86875
73737
154163
59326
892
192206
30208
894
893
30209
59328
73740
45486
230163
73743
45485
86877
895
100338
113882
30212
59335
266676
73749
897
86882
217343
899
900
242221
902
901
192211
154171
230165
230166
30215
113894
45491
903
205180
140887
45492
73750
205181
242223
45493
242224
205184
266682
15953
904
15955
242225
73753
166646
100347
15957
73754
266683
45495
266690
205186
166647
905
86884
230172
15958
86885
179685
73756
906
30218
242231
154174
113905
242232
907
73758
205189
217350
255040
908
86887
100350
15959
192217
113907
113912
45498
242235
192218
909
15961
911
166648
205190
15966
266693
266694
192220
59339
217359
73759
100353
912
15968
914
15967
100355
73762
15971
113929
15973
915
205197
73764
179695
217364
100359
59344
30223
45504
192225
73766
255050
30225
230184
15974
255051
73767
15976
154183
113934
73768
205198
45505
154184
86902
918
15978
916
230186
919
86903
30228
921
100365
140899
255053
15979
230187
230188
217365
255055
113936
30232
166658
100366
242240
266701
205201
30233
204003
45507
128474
242242
86907
179700
100367
15981
140902
922
73769
205204
59348
86908
166660
255058
205205
45508
255059
73771
128478
166661
179703
154188
923
86909
179704
140903
154189
217367
128481
128480
242243
100369
255060
242244
73772
15983
179705
924
154190
15984
30239
15985
30240
926
266704
45509
242245
229065
100371
179707
113938
192231
266706
205207
73774
266707
217368
86911
927
929
255062
86910
140905
930
15986
73783
15987
154193
100381
128490
113943
86915
192239
15993
73784
242255
59354
15995
73785
113944
30245
45511
192240
230196
15997
931
140908
30247
255065
59356
30250
86916
266718
86917
73787
266719
205211
100382
45513
217377
255067
932
100384
59357
166671
86918
100385
217378
59358
73788
166672
154197
100386
192243
140909
100387
30252
73789
230198
15998
15999
30253
30254
933
229066
73790
230199
100388
113946
205213
113947
45515
179715
154199
934
266724
266723
45516
30257
30255
14527
935
939
16001
16002
940
16004
941
946
140917
947
16010
950
45528
948
179726
16011
951
30277
230212
45531
205223
16013
16019
16014
16015
16020
954
16017
956
45540
179740
16022
957
16025
59381
45543
255094
45544
16026
16029
960
16027
962
242280
16034
963
16031
16037
16035
966
16036
30289
971
972
968
30305
140949
16043
975
16050
16051
16052
16056
30309
978
59406
16054
16058
255110
45639
982
45640
980
16059
100482
983
984
985
16066
986
987
86980
16063
988
16071
994
1049
1011
993
990
1031
266834
266837
266836
266839
266838
255182
255183
266840
266841
266851
1053
14529
59472
255185
255184
16136
1056
1063
1068
16137
266852
154317
16138
128615
45709
230328
114113
73908
230329
192385
154318
1069
30402
73909
152935
1072
30404
1070
1071
14530
30412
1079
114128
217525
45718
14531
230343
1082
255207
73924
230358
45733
45734
16149
229074
16158
16160
192398
30416
73934
266869
192397
45735
16161
1085
205359
87031
230359
230360
87032
154336
16165
73938
100576
230361
1086
128639
30417
1087
192408
242418
16167
73940
1088
192409
16168
73941
45739
114139
98942
16169
30418
230366
1089
30421
45741
253945
1091
100585
192410
16170
45746
16171
205367
30422
230368
59501
30423
230369
114140
266880
1093
100590
59502
45748
230370
114141
45749
1094
30424
242424
1095
30425
192412
73950
30426
114143
217539
114146
114145
16173
59505
192423
16175
16176
166844
166845
255217
179866
242427
141077
179868
242428
266886
217541
128651
59506
114147
166848
205372
179870
166849
266887
230372
141078
128652
128653
128654
30427
30429
100594
16177
30428
217543
192424
45752
217544
255220
87039
73952
1098
73954
1099
128656
30434
128659
59510
1100
16181
230375
141082
141081
1101
1102
45755
154350
45756
16182
30437
59512
100600
230378
192428
114151
59513
30440
45757
30439
230379
30442
154351
16183
217549
45758
87049
87050
154352
1104
16184
45759
141085
73958
114155
59516
154353
100601
73959
45760
242434
229076
87052
59517
45761
16185
30443
192433
1105
192434
45763
217550
205379
73961
16186
205380
1106
192435
205381
166860
266894
128723
179879
59519
1107
1108
1136
16244
1193
1164
16272
114245
217639
205469
16273
1194
16274
87141
74048
30532
45850
114247
74049
1195
205470
266982
255311
192529
192528
74052
16275
1196
30534
192530
16276
45853
74053
74054
166951
114249
16277
1197
1198
100692
16279
16278
45854
205473
30535
16280
179975
217643
87145
59609
266983
114251
45857
1200
59610
45858
59611
30536
1201
230476
30538
192533
30539
1202
217645
74057
45860
205476
114255
128762
205477
217646
230478
16281
230479
59614
166954
16282
166955
255318
179981
179982
266986
128763
114257
154448
179983
166956
1203
128764
128765
128766
30542
30540
16283
100699
30541
217648
217647
87148
74058
255319
16284
45861
1206
16285
45863
1207
30547
128768
1208
16287
59618
1209
45864
45865
154452
59619
16288
30550
192536
100704
242533
230484
114258
30552
59620
30553
230485
30555
154453
16289
217652
87157
87158
154454
45866
1211
16290
45867
74063
141182
154455
114262
59623
100705
74064
45868
242534
87160
1212
1215
59624
45869
16299
230497
1220
192551
45883
74078
205496
16305
16304
255335
114275
192552
1224
267004
1225
100719
59636
1253
1223
1281
16391
45969
1309
16393
1316
141309
128901
1318
1319
16400
87268
16408
16401
1320
14533
128904
14537
1321
1322
72286
45985
72284
72285
16409
1323
16410
1324
72287
1327
45987
16418
1328
30668
16419
30670
1329
1330
154593
16420
72290
128918
1338
1337
1341
1339
72293
1340
114414
128928
128929
1350
87301
128935
1358
167129
1351
167134
1360
1362
114430
1361
72294
87323
1370
1365
87332
128952
128963
1371
1377
128970
1378
167162
230634
167170
128971
1381
1380
100877
100880
59811
1382
44099
1384
16472
1385
1398
1386
16473
1404
1406
1405
16481
16483
1407
16482
1408
1410
1409
16484
16485
1411
1412
16487
16486
1415
167194
167196
114559
1420
14545
1421
14546
16498
14547
1422
114570
1423
129012
242716
59875
16506
267168
16504
1429
1430
1435
14548
1440
59889
16515
1442
1436
30817
1443
59912
1445
1444
14549
1469
1446
1455
16548
14551
16549
1470
205708
1471
180227
16551
205712
1472
1477
74321
1476
1478
1482
1483
178573
1487
1488
1490
1489
1493
114634
16563
267189
230700
114635
230701
46166
74334
192800
154714
1494
30870
114636
1495
74335
74336
74339
167255
59960
59961
16564
30871
141485
101000
192808
59964
59965
87476
205724
74342
74341
46168
46169
30872
1496
46170
16567
16594
87497
1518
74371
1519
205748
1521
242775
192839
217896
16596
74374
74372
1522
192840
16597
74375
46197
114667
87500
255559
46198
1523
87501
141509
217899
129104
74376
180272
205751
217901
59993
16598
16600
16599
180273
180274
129105
114670
267219
129106
30896
16602
167282
192842
217902
217903
46199
255563
87503
74377
1526
1527
74379
1528
129108
129111
30901
16606
59997
1529
46203
141514
101043
267223
267222
255564
205756
154746
180279
114672
192845
192846
217906
114673
87509
16607
230743
1574
1552
242782
60064
16678
16677
87571
74451
255589
1596
267289
192910
192909
167350
217969
16679
1597
1598
192911
74454
74455
74456
16680
46276
167353
114736
141577
46277
255592
267291
180355
230771
1599
1600
192913
114738
87573
217972
87574
141579
1601
217973
129186
46278
205783
1602
1604
74458
16681
180360
16682
16683
180361
129187
129188
114743
30972
217976
16685
217977
87578
74459
255594
16686
46279
1607
16687
1608
46281
30977
129190
16689
60074
1609
74462
101126
267292
205786
154821
205787
154822
1610
180366
16690
14552
14553
14554
31001
14556
14558
14555
1630
31004
152964
1632
46308
31007
1634
16715
1638
1646
16728
1642
154859
1658
1650
87623
1654
1659
46320
1666
1667
31048
1668
1669
16740
46338
154883
1670
141631
31050
1671
154884
16742
14562
16747
1672
16743
1674
87632
46344
16750
1679
192968
242902
230819
1683
205834
16754
31061
87637
1686
1685
152968
154896
242904
101191
46350
1687
141641
46351
14564
14568
1693
16773
14569
1698
16772
1699
1701
1705
1709
1706
16777
1711
255629
14577
1712
14579
1713
242910
16782
16781
31076
16785
16784
1714
129278
1717
87657
242937
267371
267369
230846
230847
242938
267370
230848
218039
218037
154939
218038
205865
192979
180460
180461
167422
114814
154940
141653
141652
154941
31088
129304
46393
46394
46395
1722
16787
114815
230850
60149
167424
101242
46405
74573
1723
1726
1729
31091
87666
1734
31098
205872
16798
154955
141660
192994
74577
16800
1735
218050
74579
205874
87669
1736
16801
255669
167437
255670
114823
141665
167439
154957
154956
16802
60154
87670
267381
16804
74580
46407
101255
167441
1738
267383
16807
16806
87672
255675
180479
46409
242948
230866
141666
154959
1739
193000
205878
253976
180481
167442
154960
16809
242951
31101
1740
141667
218056
1741
16811
46410
267386
46411
267387
167445
154961
46412
74583
16812
1742
31105
16813
267389
46414
141670
205881
101262
267390
193002
31106
129324
242954
1743
114832
167448
205883
16814
129325
180487
1744
60162
230870
242956
255680
154964
180488
255681
154965
267391
230871
46415
16815
1745
230872
74585
87677
60163
16816
31108
114835
154966
229102
129327
46416
60164
230875
101265
230873
205885
205886
1746
114836
242959
16817
31109
267392
180490
205887
167450
1747
267393
74588
46418
16818
1748
255684
16834
16819
1762
1770
255700
16842
1784
16856
1799
31161
16874
155017
46471
74639
1800
16876
16877
16879
1801
267447
46473
46472
267448
167499
155018
16880
218118
1802
16881
74640
1803
16882
87734
193054
74641
31164
267450
46475
16883
205935
101320
141722
243013
193055
1804
230934
129381
267451
114890
129382
167501
205937
16884
129383
1805
167502
16885
60218
46476
180543
167503
60219
155020
255740
155021
230936
180544
46478
46477
16887
1806
16888
74643
74644
193057
1807
87735
60221
114893
155022
31166
129384
229103
155023
46479
60222
167504
101323
205939
230939
230937
205940
46480
1808
205941
31167
114894
243017
16890
31168
267453
141725
1809
180546
1810
167506
16891
74648
46482
205942
193061
267454
205943
180547
205944
1896
129387
14581
141727
1811
16892
74650
1897
1898
218122
180549
60303
114988
230941
114989
1899
74654
205946
243021
1900
167510
1902
141730
31257
87848
16899
255744
243022
167520
74660
31258
1906
46488
243028
74663
267468
1903
16900
16901
14583
46498
31271
1913
180566
74675
1918
16906
74686
1919
101350
16911
74690
230963
16916
16918
16917
115000
1920
243039
230966
1928
205972
1931
267473
141745
31282
167536
1932
16919
60330
1935
31286
1933
115006
74692
1936
31288
60335
101362
31289
129414
16921
167542
46513
16923
1937
16925
193080
1938
267474
87875
1941
60337
16926
1946
167553
167552
155055
193085
46514
46515
1947
74697
60339
16931
87878
129420
1948
129421
205986
218147
31296
255775
255776
98978
155058
16932
87879
218151
46519
218148
230981
141755
74700
230982
31297
218152
1950
243053
267484
87880
155066
60342
218153
205993
129423
46524
74703
1951
31298
31299
101376
267485
101377
205996
218154
16934
218155
155067
87882
1952
31300
180589
46527
1953
243057
141756
167557
1954
115018
16936
1976
1955
31301
16954
46567
46569
115047
101405
167592
46568
16962
206032
129466
46570
180616
31338
1986
243097
167593
255821
46571
243099
115048
206034
46572
74746
115050
31339
31341
1988
87915
206038
87916
141796
180619
115053
1989
31344
31343
74748
46574
46575
1991
129470
74749
193119
46577
155104
141802
60384
141803
87919
16965
101409
267520
115055
115054
1992
267521
129473
74751
16967
255828
180622
218194
206042
46581
231037
31346
193122
167601
16968
46584
46583
87922
1993
46585
46586
101413
141807
115059
206044
1996
129479
16971
46589
1997
16969
180627
60387
16972
46591
31348
155111
255832
167605
31349
231047
16973
31352
206049
87926
218199
180629
2000
16974
46594
87928
31353
115065
74761
218201
2002
46595
2001
74762
129481
74763
155116
141813
31354
60391
141814
16975
16976
46599
74765
155117
31357
115066
16977
2003
267528
2004
74766
206051
255839
16979
2005
16981
31358
167611
46617
2015
14586
16996
2019
16997
60418
16998
2024
206067
206064
206065
31385
206068
218221
218219
206069
206071
141831
218222
141830
206072
16999
2025
74795
167631
2034
2032
2035
31394
31397
31395
2036
74798
87958
231079
2037
17005
231080
206085
2038
206086
141843
155135
129507
206088
193150
167637
60426
129509
115094
101443
17007
193151
74799
74800
101444
115096
31400
74801
2039
46634
17008
17009
46635
60427
167638
2040
17010
60433
46637
74803
2041
17017
74804
44131
2042
2043
206093
218237
218239
206092
218240
206094
218241
206095
155137
193154
180657
206099
60435
2044
115104
31403
17022
218243
193156
180658
243149
74809
2045
231092
155142
17024
14587
231094
46642
2047
180660
255879
155143
167645
46643
31405
60436
231097
31408
17025
46646
17026
2049
17033
31411
2050
101451
2051
74815
115112
2056
2058
129521
267571
2059
46652
155154
60444
17038
141848
231103
2060
218253
218254
206106
206108
206107
243162
255886
46654
206110
115116
46655
87964
31420
2062
129524
60446
74819
46657
231107
231109
231110
46656
74821
60449
180664
17040
74822
167650
115121
155158
101459
193173
231113
46658
46659
141857
206113
87966
129527
46660
218256
74823
46661
167653
101460
2063
60451
2064
206115
74825
2065
243167
17041
243168
218258
231115
2066
17043
193175
74827
87967
101463
206117
231116
17044
74828
180668
74829
231117
46664
115124
2067
218259
17046
115126
31424
31426
129528
31428
206120
218260
167658
101465
2068
243170
243171
101466
231121
267580
180670
243172
218262
255896
87969
46666
31429
206121
167659
243174
180672
231124
193179
101467
255898
87970
206124
155162
167660
17049
180674
193180
31431
74831
46667
2069
74835
101469
74834
46668
74833
46669
17051
218264
74836
243178
267582
115131
2070
2083
17068
17052
74870
180707
167690
129565
101505
129566
193210
87999
60480
180709
17084
193211
231155
141890
2098
206156
74871
101506
60481
255930
231156
17086
115159
88001
218293
31460
231158
255931
206159
60482
88002
115160
167694
167693
88003
2100
101508
267613
101509
267614
60483
218294
231160
218295
218296
88005
31462
167696
180715
129570
31463
155200
101510
17087
115161
155202
46705
267616
46707
101512
74875
74874
46710
74876
46709
267617
17088
17091
218297
2101
31465
46711
17089
218298
46712
2116
17107
243227
267635
255951
155219
231180
17108
2117
17109
88032
46740
243252
14591
2128
141936
17120
46751
2130
46757
2138
115224
17156
17157
31532
2163
31533
17159
17160
115227
2168
2192
31561
31562
74983
2193
142008
2194
2195
256075
17191
115258
101615
17192
2196
60581
31566
129680
243347
129682
17194
17196
2198
17199
17201
46832
142019
60592
2206
2204
17204
115270
17218
2212
17220
17222
142031
17221
2216
129700
2217
75009
2220
218450
17250
2221
17249
193355
2226
17251
17254
17256
142042
155358
17257
46883
2235
17260
115308
60650
142070
2256
180901
155382
101670
17284
31630
2260
17286
2280
2262
129735
231384
2281
142103
2282
142127
17308
267908
256227
256229
2283
17309
17310
2284
243486
17311
2285
2286
2287
17314
17313
17315
243497
2295
17322
17321
2297
17320
256238
2298
2299
2300
2305
17333
243502
46923
2311
14594
2343
2313
2312
2320
2346
2380
14596
152982
75122
46964
31738
17377
181025
181027
60750
46966
17378
193521
129813
193524
2384
31744
2386
231473
2387
17391
17390
88284
142232
46975
2391
31746
2390
88289
231474
101762
31750
142236
2393
17399
46978
2394
46981
2405
17413
2406
2408
101775
17418
2410
129841
14599
2409
2411
2439
155573
193598
2451
2442
17447
2441
2471
2473
2498
2452
47088
2499
2502
2500
17500
206603
2503
2504
14604
2506
2507
2509
17522
2508
168160
17511
243719
2511
31912
75310
2560
31931
2575
17587
17588
2574
17590
17585
17594
60957
47195
2576
17591
130010
2577
2578
243759
17596
130012
14608
2579
14609
14610
206678
2581
2590
2598
31964
75356
17625
101990
88520
88519
101992
88521
115655
47231
181257
88522
17628
2615
2616
229130
229131
17634
2622
17637
47251
130065
2627
256512
2628
17646
75375
17645
2630
2631
17648
32011
99014
2650
17677
17679
17678
47280
231749
61033
17695
2656
2658
2659
256555
254019
256563
268262
256565
256564
254020
256571
256572
256588
268270
256584
256593
256592
256594
268283
256595
256596
204075
14615
14616
14617
14619
44162
178621
44163
14623
14624
44169
14626
72355
153018
178633
14629
142510
243829
206767
2660
2664
17699
2668
2669
256637
256638
17704
17709
2680
17714
243844
17724
2699
2730
2731
2732
268355
130167
2733
231798
88640
231800
17767
2737
2740
2741
256681
17772
268363
17774
153022
2745
2781
2784
2813
2814
2815
2816
231868
102225
17855
2821
2822
219012
17861
2824
193912
47450
47451
178636
2825
130252
2826
2828
243945
2829
219018
2831
268436
256750
219020
102235
142660
181455
102236
155947
102237
168451
115890
17868
2833
2842
32208
268468
32209
17873
75599
2850
17895
32210
47473
17886
2860
2857
17901
243976
75614
142688
178638
17904
17911
75621
17905
130302
2861
17910
88761
2862
2869
32231
206971
206953
61235
130322
168493
17926
102291
219076
17924
231943
244000
32246
142717
219077
32247
32248
130325
206973
61236
130326
47505
181519
181518
142718
219079
115941
2883
2884
181522
244002
231963
244026
2905
2913
2924
2948
231977
17992
2953
194002
2958
2970
18026
2975
2981
18027
2982
18028
219143
2983
18029
18030
2984
2985
256881
168571
75712
75718
32355
32360
61354
75721
168576
18031
47615
32362
2993
244077
3001
2998
142794
168578
32372
18036
232042
47622
102385
18038
18040
3002
18042
181621
61361
156100
18047
219148
18048
232049
232050
32374
88877
168587
156102
32375
102391
207071
99032
61364
219151
3003
3005
3004
18050
3006
3009
47628
47629
207082
61372
207081
232056
88886
18053
18055
18056
232057
18058
3012
102399
3014
130442
116035
3016
3015
207087
18065
3019
75746
3018
75747
116083
3027
3020
3032
18085
18086
18094
3033
3040
3041
44174
194090
3042
116138
116125
3065
61431
18126
18127
168663
168664
156165
142872
102471
219218
156167
3072
3073
256925
219220
47695
18136
88960
47697
3079
18137
254053
18138
116158
3083
18141
3082
3086
18144
88968
3087
3091
18145
18148
32475
18150
75825
3092
18151
18152
18154
3099
268663
18156
168695
18157
3100
3108
3106
47722
194148
3120
3114
3109
3112
3116
3124
18161
61492
3127
61487
3123
3129
3130
18167
3133
3137
3136
3140
75868
3142
3141
3144
156216
116227
18174
61507
32522
232148
18175
18178
18179
18180
3148
32528
18182
3149
256962
89049
18184
3151
47764
156230
18185
3152
3153
3156
18189
18186
3155
3157
3163
3158
3168
3161
3159
3166
89070
47773
3169
268708
3171
3170
3174
3183
3178
3176
3181
127448
3184
18220
18215
127449
168780
3189
47807
156273
3193
3194
3201
14630
75919
3199
3246
18277
3264
244295
47888
3285
3326
47941
3325
244328
168878
207352
244332
207355
61695
3334
18367
76047
47949
3338
3339
3340
76055
3341
47954
3343
18373
3347
18374
18381
143088
181947
102797
3354
3360
3357
89265
3386
130768
76106
61747
3387
156455
61748
61749
76108
116488
89267
18424
18425
181974
3393
3394
3395
3392
18430
61756
168936
3396
32766
32767
3401
3398
3399
76115
18433
257181
3403
3406
3404
18437
18436
130787
130788
3408
168943
156469
168944
3410
18441
18442
32779
32778
3411
168947
3412
61767
257190
181991
130791
18443
3414
3421
18451
32784
18452
207446
76127
89284
89286
3422
207448
3423
207453
89288
76132
3424
207454
3425
18457
3431
18463
244419
232407
3439
18471
3441
18475
3443
18473
3449
244427
244428
232413
18481
3459
18485
244431
3461
232416
18487
182020
3462
18489
3468
3464
18490
3466
18492
3470
182023
61804
3469
3471
18494
18495
32838
48055
3475
61809
18496
18498
18497
61811
18499
3476
18503
3477
3478
18504
194432
32845
48060
207485
3479
18505
18506
3480
182029
32850
168993
232427
3482
3483
207487
89321
18508
76164
168994
3484
32851
219560
14647
3485
89323
3486
116560
3487
48062
3489
61824
3490
207493
3491
194444
3492
268938
130837
268939
143202
219566
102889
18511
156519
61827
89330
182036
18514
3493
18517
61834
244456
219575
76168
232438
102896
32861
76173
3497
18518
61839
89346
76179
207502
48068
48069
3498
219580
76181
257247
169008
3499
182043
61842
32863
3500
18522
48071
3502
48074
268949
76185
48075
48076
89350
61845
182046
32868
207506
143211
3503
207510
207509
3505
76192
76191
219586
219588
18526
3506
257258
18527
244473
156529
32871
156530
130855
268955
194473
116593
257261
102919
244475
130856
48081
207515
116595
48082
194476
76193
18529
18530
48083
3509
102920
207517
3513
89360
268960
232466
48087
207519
102924
76197
268963
48088
116601
268964
18535
268965
76198
3514
18536
32877
244481
169023
219593
207520
143223
3515
3517
116604
102934
102932
102935
18537
3518
3519
76201
89366
3520
18541
232471
116607
244484
194484
207523
76202
89368
257267
89369
3521
207524
48091
156540
48092
156541
207525
102937
3522
89370
268971
48094
207526
232473
102939
207527
182072
48095
130869
18543
76204
257271
3524
3523
3534
14651
3525
3535
18554
18555
3556
3562
3561
182095
3563
3564
18560
32925
61892
3566
3570
3571
102953
18562
32930
32931
48122
61900
18567
3576
32933
18568
18570
244489
102960
143268
18571
3579
48125
130877
32937
156569
89393
268980
3580
3602
32961
76249
18596
3603
32964
18597
244496
182117
116665
48151
48150
219620
32966
207567
18599
130899
3604
3605
18600
76253
76256
3606
18601
3633
32995
3636
3640
116676
33006
169079
156612
156611
3641
169084
143315
182136
207582
116679
143317
48187
76286
89443
18637
48189
61957
18638
76297
3642
89444
48199
244520
207585
116685
182147
3645
76298
244524
33007
156624
61960
18647
48200
48201
232532
182148
33008
3646
3647
18648
3648
156626
156627
156628
219648
48202
3649
89450
3650
116695
269018
76305
18650
130938
103033
257322
103034
3652
3653
48208
3654
48210
207599
48211
89453
219651
18651
3655
3656
130943
257326
3657
3658
18652
207600
116704
244528
33018
116706
3660
156635
194529
48213
103038
3661
3662
18654
269021
61967
18655
48215
182152
76311
130945
232535
269022
33019
48216
257329
18656
18657
76313
257331
89457
207603
76314
3663
156637
232536
257336
89458
48217
269025
61968
257337
244532
244531
207604
76315
3664
48218
18658
18659
194532
207605
33021
3665
116710
232539
103044
48220
194534
169100
103045
18660
116711
182163
232540
33022
76319
257340
48223
269028
269027
269029
61969
269030
257341
33023
48224
33024
257343
257342
18661
269031
3666
269032
18662
143340
194539
207621
257346
76336
33039
143341
3680
61984
89475
89474
244538
89476
76337
3682
130961
207623
18678
156657
207624
103056
130962
76338
48241
3683
207625
269039
3684
244539
194542
156659
269041
18679
48243
116735
33041
48244
33042
89480
143344
33043
244540
207626
3685
194543
143345
244541
194545
194546
269043
269042
169104
182176
156660
130965
130964
116736
103057
48246
48245
244542
143346
143347
33046
33045
33047
169106
116737
257352
207627
143348
269044
269045
257353
257354
207628
103058
76340
244543
116738
18680
182177
89481
3686
3687
3700
130985
156682
232565
143371
130986
33062
169131
33063
48267
3701
33064
48266
207645
169132
244571
33065
219682
207646
232566
18699
169133
76359
156683
130987
3702
48268
207647
130989
116759
18700
257383
244572
169134
3717
89515
156694
103087
18714
207660
89517
89516
3718
143377
89518
169136
3719
18715
48283
156695
194571
207661
269078
207662
156696
131000
131001
103089
76376
207663
143378
3720
143379
131002
3721
244576
156698
3722
116778
18716
194573
269082
257389
62018
89519
62019
219687
257390
219688
143380
3723
18717
48285
244577
3724
116779
194574
169138
232576
131003
48286
48287
48289
62020
18718
131004
33081
244578
194576
33082
18719
18720
62022
33084
33083
33085
182206
116781
257394
48291
143382
269083
257395
269084
169141
62023
33086
207666
89521
103091
131005
257396
143383
3725
76379
116783
103092
76380
3726
89522
232579
207667
131006
18721
194578
62024
143385
269086
244580
143386
33087
169145
269088
116784
3737
3727
219695
62035
3738
3740
3739
3748
131019
3749
3751
169160
18741
14660
244597
3752
14661
3769
3771
257419
18753
3772
89565
3773
18755
3774
33139
3777
3776
18759
14662
257427
103129
3782
103130
3783
103136
62092
269130
76417
99066
3788
169190
33147
3789
76418
48331
182243
3790
18766
18765
244614
18767
76422
3791
18768
269134
269133
207702
169194
18771
3793
3792
33155
3796
3794
3797
3818
3842
33226
3866
3867
89610
18850
219752
103160
62171
62172
3868
62174
182268
257453
18852
76443
3870
89613
89616
103162
18853
33232
89614
3871
3872
18854
143464
18855
116864
3873
18856
219759
156770
182319
3874
3893
62236
48472
3932
3931
18910
3933
14665
14666
18916
18917
3935
3934
33295
169265
143524
3937
3936
3938
156803
33299
156804
3939
3940
33303
3942
3943
257544
3944
269222
48477
3945
89684
18922
18923
182349
18924
33308
3946
131130
18925
103228
62252
62253
143542
194716
269227
18931
3949
3950
18934
3951
3952
48486
3953
3954
89694
18935
3960
48497
3955
3956
18936
3957
3959
3958
207823
3961
3962
3964
18950
232736
3963
33329
156833
3965
156834
194731
18953
3966
3971
3974
3977
3972
3975
18954
18959
3979
18960
3981
18961
3982
269251
48511
3980
3983
76545
89722
18966
3984
18964
3985
3986
131164
76548
62285
18967
3987
3988
3989
76554
18968
3991
18969
3990
3992
3993
18973
18972
18970
143585
62296
18974
103284
143596
3995
269269
169330
3996
194760
3997
3998
33363
103287
48526
269277
131184
18985
18986
18984
207854
3999
207856
4000
62301
182413
4001
18990
33366
18991
18992
89743
269282
244747
18993
4002
182417
156873
33368
76570
18995
4006
4003
33370
4005
4004
48538
89752
33375
131197
4008
4007
103305
4028
4047
4066
207866
4089
4085
14675
4090
4106
4128
4136
4138
178684
207900
48591
19119
19120
48600
4147
14676
4146
4139
76655
232853
48625
4152
19148
4175
48654
4191
4206
4192
4207
19194
19180
4218
4221
48711
48712
76753
169493
19230
4254
19237
4253
19239
19238
4255
4259
4257
19243
19241
208023
33622
19245
89923
19251
76771
4271
4274
4272
131399
19256
4275
4278
4282
208101
220113
208102
19389
90023
76870
76871
257856
208108
76875
33740
131489
233026
19397
4378
4377
19402
19400
19401
62610
208112
4379
4381
220121
33746
157153
103652
244994
4382
233035
233036
169604
19406
19407
4383
233038
269521
244996
4386
4387
4389
19409
269526
4390
48858
19414
48861
4398
4397
4400
4402
4401
103674
4405
269530
4406
4487
169684
90125
4488
48943
62712
19553
90127
4492
220186
33861
33859
19554
48950
157235
33863
19558
182769
4493
90130
33864
48952
33866
208189
195089
143984
131570
143983
19562
4498
62719
33869
4502
4503
4504
76986
62722
169695
131575
33881
4516
62727
4517
117456
269592
48967
4525
4523
4527
4528
19579
33892
4529
220202
4530
76995
4531
257945
117467
90151
131583
269600
4535
4534
4532
4538
19585
4536
117477
131593
4539
4540
117479
103837
269655
269653
269656
269667
269659
269662
269674
269672
258012
269675
269678
269681
269683
258016
258028
269684
258021
258022
258029
258027
258031
258025
254114
258035
269692
258040
258038
269695
258041
258042
258043
258044
258045
258046
258047
258062
258072
258081
258084
258085
258102
258115
258125
258112
258137
258128
220264
258146
4628
258149
19717
4629
19718
33992
14681
4630
14682
4633
19719
4632
131668
4634
4655
4660
62847
19721
245139
19723
182873
4661
169783
19724
157344
144111
195174
77084
195177
19726
19728
19727
4664
182879
19729
19730
4665
19731
4667
4666
62856
269813
220280
4668
144118
4683
4698
4715
4714
4732
233271
208352
19794
4733
233272
4736
269880
131733
4737
195254
19796
4738
19797
4753
19816
19814
19817
208372
4769
4755
4783
19875
4798
245281
4797
4813
19876
4814
19877
49221
4815
77230
4816
4817
4819
157482
4818
131802
63001
19878
19879
258321
4822
4823
4836
4848
77256
4850
4851
19907
19909
4854
77265
117757
77276
77277
90422
90410
90421
195348
258360
258361
220477
90430
90427
117775
77281
90431
90434
77282
153077
153078
72410
77292
90436
90437
104053
77301
77303
117797
229209
131878
90449
77309
77310
104063
77311
90451
245344
117806
77312
195372
77313
90456
90462
90457
90463
77314
131881
204153
144328
117817
208498
104067
131887
208500
131889
90465
157557
169986
144336
208501
90466
90467
77316
77318
77320
77317
77319
77325
131891
157560
220511
245368
77328
77331
77334
90476
90477
77341
208513
90479
77335
117838
90481
90482
117840
245377
77342
270033
131906
144354
104085
131907
157579
90484
144355
77343
157580
258409
77344
233426
245381
90486
77345
77346
104089
131908
131911
77350
77363
104090
90517
77374
4856
77386
19912
4857
19913
19914
4858
4859
14684
153080
153081
19916
63034
4860
4862
4861
208608
19917
4863
204157
4864
49267
183188
270148
270150
19923
4872
104165
19922
183196
4875
19926
195525
132008
4884
77419
63061
34236
63062
49285
63064
63063
4890
4891
49286
90617
144481
195535
4922
4894
4893
19940
4923
4925
4934
20022
254128
4956
4965
20035
63162
63164
63163
63166
195626
118092
20041
4966
34344
233655
49407
4968
4969
258646
183315
233659
4971
195628
4972
20051
20067
270307
157818
229216
34364
20068
34365
20069
208765
34368
4988
4989
4990
34370
90751
195656
208769
4991
258680
4998
49462
5005
5017
245675
104365
20103
270367
5022
20116
90796
5028
270376
20135
20141
5034
5051
220863
20148
20147
118232
34447
5060
5064
5066
5065
49525
5067
20163
77660
5068
5150
20248
20249
20253
20254
132289
5161
20258
20257
170406
5166
49627
5168
170407
90905
5169
5170
170415
77733
5182
77735
20269
34587
5186
5188
5189
63416
49646
144768
20274
77754
49652
63417
258836
20279
5193
34601
132317
104552
5194
20280
5439
5360
5278
20522
5443
20524
5446
5447
270480
258839
63589
49822
5451
63672
5448
49905
5452
20529
5453
5456
20531
5539
5540
34946
221048
5541
14686
5553
144908
5563
5562
20638
5576
5590
5589
221109
20662
35009
144939
20663
158169
35010
170583
20664
35011
234043
5591
35012
50038
5592
5594
5595
170590
35016
5596
5598
20670
5597
104771
245982
35019
63825
35022
20678
20677
91120
20680
5609
5610
20697
104818
5627
5629
20705
5630
50080
35052
234094
246028
5631
91146
35053
20709
5632
118566
196041
196044
132559
20711
5636
5637
5638
259101
5639
5640
5642
5641
5643
5644
5645
20720
183753
104842
196060
196061
5646
5648
5653
20721
5665
20739
132601
20747
5667
50116
78152
20750
5668
209201
5669
145028
20754
5679
91183
5673
5675
5680
5681
5674
170690
63912
158283
153096
5693
259139
254155
153097
170717
158285
170725
20777
170713
20778
259141
5695
170733
5694
132626
170732
170734
170729
170738
5700
91199
5699
5702
132639
5703
145050
5704
132640
5706
132641
5707
5709
145053
132643
5708
20802
5710
20803
5715
5712
5724
35136
14695
44240
5726
5736
5730
63959
5738
5748
5745
5758
5775
5765
5777
104978
196227
132698
183934
183937
118705
221348
270955
20860
209335
5780
35201
145140
145141
183939
221350
20861
20862
20863
104982
35202
270963
5783
221353
145144
50221
270966
5784
158378
64008
132702
50222
50223
104985
35208
5785
118712
5786
5787
209340
91286
20864
5788
35211
64012
20866
50228
183944
50227
91288
50229
78260
78262
196239
78261
78263
158382
104992
118714
104993
5795
5790
145147
209343
20867
246215
132732
132739
209376
91310
145168
50246
5813
118740
221394
5816
50247
170869
105015
5817
20888
20887
50250
259300
5819
196263
5818
5821
20889
20890
118745
259303
183974
14700
5822
35230
132746
64036
118749
78292
246244
78293
158418
132748
259308
64037
5824
35231
5823
20892
209383
209382
78295
270998
20893
5825
5826
105021
50254
20894
105022
118752
35232
183976
118754
20895
50255
5827
91317
209386
91318
221404
5828
209389
246249
20896
50256
78298
20897
170876
170877
78299
50257
271001
5829
91320
234334
183979
118758
271002
91321
50258
246250
170878
91322
105024
118761
132753
78301
209392
20898
5830
145180
5831
209394
50261
221407
158422
246253
246254
64041
170879
35234
35236
118762
5832
105031
271004
20904
209401
145186
254168
35243
20905
196280
5838
5839
183989
50268
78310
234343
105038
64050
20906
246262
20907
105039
91329
91330
5840
196284
78311
196285
105040
20908
105041
5842
221419
5841
158435
132764
158436
209405
246264
259322
183996
170886
64052
246266
221421
5843
78312
246267
20909
158438
259325
259326
145192
145191
221423
50270
78313
5845
20911
271013
105043
183998
132767
209407
271014
259327
183999
259328
221424
105044
91332
234349
50271
35245
170888
20913
259330
145196
35247
118771
91333
64053
170890
259331
209410
91334
184002
50272
105045
78316
271016
5846
132769
145197
184004
91335
246270
221426
246271
209411
184005
5847
158439
20915
5849
20917
221427
78318
5850
271017
184006
118775
50273
170892
78319
50274
271021
118776
271020
145199
158441
271022
5853
5854
271025
221430
209416
209415
20922
221431
105053
78323
5855
35253
5856
170898
78325
118782
5875
5874
145361
78351
35274
132923
91381
91382
145362
145363
64086
118912
132924
35282
184157
118913
20937
158593
271183
271184
196451
132925
184159
5882
64087
196453
271185
91384
20938
105191
64089
5883
209564
105192
209566
246437
91386
145366
259485
184163
171056
20940
221593
64092
221592
35285
145367
5885
158599
196455
132929
50295
145368
246440
209567
50296
209568
132930
209569
5886
234507
196457
5887
78354
171058
5888
259486
184166
132931
246442
221595
105197
132932
78355
221596
91387
91388
171059
234511
132934
184168
118916
259487
5889
171060
132935
64093
35286
5890
105198
50299
184169
78356
271195
196458
246445
171061
20942
20941
50300
91389
145371
35287
64094
196459
158601
91390
5891
234512
91391
5892
50301
105199
20943
78357
50302
196460
20944
158603
184171
105200
271196
209573
145373
64095
118918
145375
158604
246446
50303
196463
209574
171065
271198
171066
196462
78359
171067
64096
184172
35288
5893
184173
132938
221600
20945
91393
271201
145376
259489
221602
221603
118920
35289
50305
5894
184176
5895
50306
5897
50307
5896
5899
20949
5898
5906
221698
35293
5910
119011
171161
5911
133023
171162
20964
5919
20966
5917
20975
5925
64119
105291
145479
78390
21009
5946
5963
5969
5971
105334
5987
259640
21019
5984
5993
5998
119169
6009
6005
145585
6018
6023
6021
21035
158775
78459
6027
6024
6028
21048
6029
50411
14708
6073
6084
6078
6087
171331
145640
6089
6091
64283
35479
119295
105404
271481
259675
259676
6093
158794
50428
6132
6131
35518
6135
35521
6133
50472
21115
50473
35522
6136
50479
50477
21117
234720
145648
158799
14709
6137
6138
158800
21121
6140
21122
153128
21124
184381
6146
6141
21137
6152
6156
6158
6157
21150
50503
6163
6169
6164
35590
209788
6170
6174
78512
158824
14711
133146
6175
246776
6182
21151
158825
91619
99115
14712
6183
21152
21153
6186
6188
6190
21158
6195
21160
6194
14713
6200
14714
145691
21162
6202
21163
6207
6204
21169
6205
221903
21170
6215
6219
6208
35635
119436
6220
91653
35645
21181
6226
6225
50536
78546
145716
6229
6230
6231
91668
6232
78562
6233
78563
6259
6260
6258
50623
6248
105505
6276
6303
6313
6314
6315
21322
21324
6321
78650
6324
50685
6329
6331
64513
21329
6333
6334
50689
6332
21326
6336
145800
133262
6345
133263
133264
99116
6386
254191
196875
21387
21388
6387
21391
21392
21393
21397
91764
6391
6393
21408
145826
158979
50769
234877
6411
6408
6415
6413
6417
145849
6432
91799
184574
6434
6433
64612
50848
6443
6438
6466
6487
6512
6547
6582
271813
271814
247065
247066
222221
222222
171711
197100
197099
146030
119730
133451
119731
105759
64760
91946
64762
91948
64761
50979
6583
21635
6585
21638
197103
36015
210115
21640
235043
146033
36018
21641
222229
91952
50991
184700
14716
78856
36019
171719
21643
171720
51001
197107
51004
21652
105781
105780
184712
197108
146039
21654
36020
119737
119738
105782
105783
51006
146043
6586
51008
6587
133467
184714
36022
119744
51009
36023
64768
6588
14717
119747
197111
36024
6589
105787
159159
6592
78872
6590
247078
119749
235048
36027
51012
119752
21658
146047
210134
222239
6593
6594
105790
6595
91957
235049
72451
184721
6596
51013
119753
91958
64769
64770
51014
119755
6597
133476
6598
91959
105791
210137
21659
105792
6605
21666
21668
21669
271831
184731
6607
247084
119762
159171
6608
21670
78886
184732
271832
6609
6610
222249
78887
247087
21672
271833
36039
247088
133488
51025
146054
146055
36041
36042
210149
6611
171730
78888
260013
105803
204209
235060
21673
260014
235061
64779
36044
91969
36045
184733
51027
91971
222252
105806
21674
91972
222253
210153
171734
159174
210154
146060
146061
105807
91973
119766
91974
184737
78891
64782
36047
64784
64783
36046
36048
21677
21676
184739
105808
6613
51028
271837
171735
222254
78893
222255
6614
146062
105812
51029
146063
6615
133490
171738
64785
36049
21678
271843
271844
14718
78897
6619
119773
21681
133494
184744
64791
222261
197129
247097
36055
6620
64792
133495
36057
91981
36058
171744
210161
260026
105820
51033
105822
222262
91982
222263
119775
6621
6622
159183
51035
21683
78899
197133
260028
146072
64795
78900
64796
36060
64794
159184
36059
36061
184748
21685
119777
6623
21684
271846
247098
36062
222267
64797
105823
78902
6624
105825
21686
51036
6625
247099
146073
235072
171747
36063
184750
21688
6626
119780
133501
51039
159188
36065
91984
64799
21689
78906
6627
260039
271866
119794
222293
6647
159212
260052
78929
133521
36086
51062
36093
21713
260057
271883
36094
235098
92018
146112
6653
260058
247142
133525
92019
6654
171779
64826
51066
235100
21714
6656
64827
222308
51068
105857
210198
36099
133526
6657
271887
6658
21715
260063
222310
6666
21718
171785
222317
21720
260071
133532
197191
271895
6674
105871
247151
159235
119824
171791
210206
271897
197192
21721
235111
184793
171793
119825
105873
247154
222319
6675
271899
184795
235112
235113
235114
36115
92039
51079
36116
133533
6676
210207
159237
222321
184796
271900
92040
171794
222322
92041
21723
21722
260074
271901
21724
260073
260075
210209
210210
6678
133535
21725
6677
105875
6686
159247
197200
222329
119832
78958
78959
271909
105882
210218
105883
171801
133538
119834
247163
119833
247164
197201
21727
64848
197202
105884
146132
92050
235123
159248
235124
14719
6687
36124
235125
6689
6691
21730
6692
21734
21737
14721
6695
21739
21738
6696
21742
21743
6698
210244
6711
6726
6697
36180
6741
271988
6740
6755
21811
6757
21813
6758
6773
36223
184920
6783
21838
36226
36228
171919
64949
36230
21839
21840
92159
6785
6796
6819
64986
6818
6807
6821
36269
6824
6825
21869
21880
21881
21882
21883
36272
21896
6827
6828
21905
21898
21903
21911
6833
6835
36287
36288
6837
6838
21913
6839
21918
6841
36293
21921
51247
6843
36295
6848
6855
14722
6856
21922
51249
21923
6858
65028
21926
6859
36305
6860
6861
6865
21929
51252
6866
21930
36309
65039
6869
51254
6867
6868
6870
6899
6915
36356
6913
36357
65056
21978
6916
36358
51294
51293
6918
14723
6919
21979
65060
6921
6922
21980
21982
51296
36380
36381
51312
22008
6942
22009
36383
6944
6945
6949
6947
36388
6946
6948
22018
51318
6952
22020
51319
6961
6967
22019
6968
6979
260212
6991
260215
235263
36445
247303
210355
7002
222470
79086
7003
51347
51348
22058
235264
235265
7004
7006
92196
210360
7012
65148
22067
7015
7017
153134
22072
22073
7018
222494
133690
235284
159413
197367
22076
235285
36463
36464
210377
7021
7022
65155
79108
260239
51370
51369
7023
22077
51371
272068
235287
235288
210379
272070
247326
235289
146313
197372
159416
79109
260241
79110
22079
65157
36468
133693
210381
171973
51372
197373
7026
106046
159420
51373
210382
222500
235291
7027
120015
22080
272072
235292
146315
159421
7028
7030
260249
133700
159425
133699
7031
272077
171979
260250
36474
133701
65163
197379
159426
79116
247331
51379
210396
7032
171982
36475
171981
159427
260253
51380
22084
7033
36476
247332
171984
92228
133704
22085
106053
7034
22086
260256
51381
159431
235302
146325
7035
247335
235303
272082
146326
133706
51382
51383
51384
210398
133707
120023
79119
106055
133709
133708
65166
146328
120024
65167
184994
146329
36477
210400
79121
22087
36478
210401
22089
7036
120025
7038
159433
7037
22090
7044
7055
22097
7058
22111
14724
7057
247370
79145
146359
7070
51409
65202
272115
22116
235337
133739
44269
133744
22119
7071
7082
36525
120072
172035
36528
260280
7085
51414
51419
247373
36533
185031
51422
22127
7089
153142
79160
247374
235340
7094
7099
22133
159475
36546
260282
79161
210430
222570
7100
7101
7102
172043
235341
79167
210435
36551
229282
22134
7104
7103
14728
79173
146404
22140
51431
7105
22141
22139
7114
178772
22146
133764
14730
14729
146410
22147
222590
7118
22152
7123
210455
22153
51439
92311
79193
79196
260295
79199
22156
7124
235363
7125
22157
222598
51445
7131
92317
14731
7126
153149
51446
92322
197475
65237
36572
7132
210460
235368
235369
65241
120108
185054
65244
51447
159497
36575
7134
210467
7135
235375
65245
51452
146439
159498
222613
51457
22160
197487
36578
222615
185055
22159
272149
272150
92327
210468
247420
22161
14732
22162
133776
79206
36579
92329
36580
146445
92330
272157
36581
92338
14734
22163
22168
210471
99133
120141
51461
247429
272161
14735
7141
210472
7140
133789
133782
22169
120151
22186
120150
7142
92346
79216
210484
51470
185080
197502
260322
222643
260323
197503
22188
120155
260324
79219
185081
22189
222645
7150
272170
247449
133797
120157
235401
260327
260328
146459
235402
22191
79221
79220
222647
7151
272172
197506
159509
172096
260329
172095
272175
272174
79222
106131
65262
222648
159512
172098
51473
120159
272178
106132
7152
159514
235405
222649
106133
7156
7157
210488
106157
120187
7166
65274
120190
36610
51494
247490
7167
22213
146481
7168
22215
146482
159555
7170
36613
133828
197547
51497
247492
7171
210529
51498
22216
260372
36615
120194
260373
79247
7173
92364
185125
247495
79248
92365
7175
120195
22218
92367
260374
7176
65280
7178
185127
22219
92369
7179
197548
92371
133830
36618
36619
272221
65283
51500
172126
51501
36620
222696
106165
7180
7181
146487
272222
133832
197553
65285
210531
22221
51502
106166
79250
106167
106168
222697
79251
22222
197555
36626
235448
106169
133836
272225
260378
185128
260379
79252
146489
79253
92374
247501
146490
159564
51506
36627
7183
36629
159566
106170
172128
22223
235451
7185
51508
22224
65288
51509
235453
22225
22227
36631
197559
272229
172129
36632
146493
36633
7187
7189
146494
7200
235454
65290
79256
51511
7188
7190
260419
260421
254223
7201
14736
7207
7204
7208
7209
22253
22252
247545
235497
7210
7211
222743
22254
210577
7214
260426
22258
272272
7216
22259
7217
7218
22260
7219
51544
210584
22265
7223
51546
204235
204236
7228
14740
7231
7225
7229
79301
22281
7233
7239
7245
210602
7249
51575
7250
7248
7254
7256
7262
7259
7260
7264
51590
7268
7269
51601
7273
22318
22319
7271
7275
22326
65378
7276
22327
7277
65379
172212
272336
22329
7278
7279
22328
197657
22330
197664
7280
22336
14741
22339
22340
7283
22337
7284
7285
197677
7291
7292
22350
22348
106302
22351
120333
133952
133953
36741
7294
210679
7295
36742
260514
22352
22354
159701
159702
7296
7297
7298
222836
79384
133957
247639
210689
235613
172241
22355
7300
172242
7302
197691
185275
146607
272373
7304
7307
7306
7308
7309
65420
22359
7310
146612
247652
22362
159719
7311
260535
7313
79393
22364
7315
7316
127544
159721
36762
22365
51659
51657
185294
51660
51658
79405
272389
7319
22370
222857
51661
7321
7320
22372
22373
185299
22375
22374
22376
159730
7322
7325
120363
7326
22383
185306
197723
120364
235645
7329
7327
7328
106341
22387
120368
7333
7332
7331
22390
7334
7336
22391
7335
22393
106345
7337
44283
133996
7338
36785
133997
22395
7339
197735
7341
7342
7344
7343
36788
197736
7345
7346
22397
7347
22399
159747
159749
7348
7349
7351
79426
7350
210749
172292
235664
22401
172293
22404
197749
185331
235671
65462
22406
79430
7361
65466
7362
146649
22411
22410
197759
7363
22412
22413
36804
22415
51694
51697
51696
79439
260592
22416
22418
22419
7364
51700
22421
7365
7367
7368
22423
22424
7369
159771
22425
36810
65476
7370
22426
22427
7371
7373
22434
22433
197768
120399
7375
106376
22437
7374
185349
22436
7376
7377
22441
14744
7380
172316
7378
36824
7381
22443
36826
7383
7385
7386
7391
22448
7389
14745
7393
14746
22451
7394
146668
7395
22453
22455
7399
22456
92560
222911
7398
51723
7400
36839
153157
7401
51725
7403
51728
65498
197781
65496
51730
51729
51731
22459
7404
14750
7405
22461
7406
7407
7408
22462
14754
7409
7411
106392
7410
22464
159787
7419
36856
14756
65503
197797
7420
22466
7421
14757
7424
106408
7423
22470
36866
7426
22472
134041
120437
172356
22481
22473
22482
210788
7428
7468
7427
7508
106430
235717
254240
197805
36994
22532
272481
120450
247760
106431
22534
65526
134057
106433
22535
159816
36998
197808
146704
272482
7557
7556
22536
7558
22537
7559
185388
235722
272486
197811
22539
210803
92596
22540
51773
222955
7560
7561
22543
106442
7562
7581
235749
172387
7582
7585
7583
22568
159848
210834
185417
22569
260640
222979
235756
134088
210837
37027
197835
260643
272493
7586
134092
235759
65556
260645
51805
22571
22570
22572
7588
7589
7614
7644
51868
7645
7646
7674
22690
153160
37130
14758
7697
7705
7702
153161
7701
7704
134209
7706
7707
7712
22697
22696
79645
22698
22699
22700
7713
272502
51935
210955
146837
7714
99159
229313
210965
247911
247910
79647
185535
134214
22701
260667
272522
260668
272524
260672
260670
272525
260678
260673
223104
260675
260677
260676
247912
260680
272530
260684
7715
22702
65670
7717
22704
7719
7718
22705
120592
92731
106587
7720
7721
7722
51942
65675
7723
37146
51943
22707
7724
22708
7725
22709
223112
7726
22710
210973
260691
272539
260690
272542
260692
247923
260693
247924
159985
247925
235894
247926
247928
247929
247930
235895
235896
235897
7727
7728
260694
247932
37161
22717
272544
37162
65691
7736
92747
120610
22718
146869
7737
120612
7738
79668
172528
247935
172529
146870
197976
223125
37164
44311
51960
197993
22719
37165
204262
7739
247945
7740
65695
7745
44312
79688
37172
7746
7761
223139
79689
37173
65706
92763
260712
146879
37175
211012
79695
65708
7769
22722
79698
65713
172559
229316
185571
172551
51978
37176
172565
120643
198009
106612
65722
7774
7777
37186
211058
7782
7783
22723
211059
22759
37226
52020
79740
106650
22760
272623
37228
65762
37230
223190
235961
248012
22763
185609
7821
7823
79742
120679
198047
160056
79743
172604
272624
248014
160057
37231
37233
65763
7825
160059
120681
146927
120682
172606
92813
65764
185611
211061
37234
79744
7826
172607
65765
22765
7828
37238
52024
248015
272627
160061
37240
146929
52025
79745
120684
37242
92818
52026
7830
7832
235965
92819
223192
7834
235966
106654
52028
235967
160063
160064
22767
7835
52030
22769
211065
272628
52031
37243
172610
272630
14770
106656
235969
37244
22771
37245
65768
7837
22773
22774
235971
22776
79753
106667
7838
254259
160070
22781
7842
172612
7843
65772
7841
7849
22787
248024
198063
223204
7854
22790
235974
7857
7862
106674
22795
198077
79773
92831
7871
248040
52048
79774
120694
185626
160083
65780
198085
92838
79781
134321
260776
160096
7879
120703
198089
52054
146940
178807
7881
79788
92844
37278
235985
106691
92845
272665
52058
52059
7882
22798
52057
134328
106697
153172
7885
7883
37285
272666
37284
7886
7922
236024
146986
92885
236025
223272
37323
260828
272711
185675
248104
22834
22832
236034
79823
37328
223274
272718
134363
79827
65826
7923
65827
79828
236035
37330
120763
272719
7924
248105
223277
92894
211135
248106
260840
65834
236036
22836
22837
185678
52094
65836
79831
52096
52095
7926
92898
14771
223287
22839
223293
223294
172664
22840
223299
7927
211139
272730
160136
272731
79837
52097
22842
248112
7931
223300
22852
7929
37332
22847
22848
22854
211146
22855
236050
65841
65842
146995
120778
37338
22856
172672
134370
22858
22862
79841
22860
52106
185695
22863
211148
7933
7935
79843
92902
272735
7937
79844
260854
160141
272737
106752
211149
198151
236051
185697
92903
7939
146996
37341
134372
37343
37345
198152
106753
79845
37347
260857
260856
260858
236053
185698
172675
106754
160142
37349
248119
7941
160143
22865
236055
236056
79846
134374
260861
52108
236057
172676
260862
65844
92907
79847
211152
198153
248120
260863
223308
248121
211153
106756
236058
160145
172677
65845
211155
146997
134377
7942
236059
79849
260865
7943
65846
79850
106759
22867
7944
22868
211157
7946
248122
272740
52109
79851
106760
185704
146999
37350
22869
92908
272742
272744
7947
185707
120782
79854
134381
65848
22871
7949
211160
7950
260867
7951
65852
198155
65854
236064
120784
37357
248124
65855
52115
147003
120785
22876
79858
248125
22878
7952
147004
22880
260868
79859
22882
52116
22884
185711
134385
211165
7956
92912
7954
37358
79861
147006
160153
260870
22886
106768
248127
223311
272749
236067
52117
185714
37360
134386
147007
79863
223312
236069
65856
37362
272750
260871
92913
134388
65857
106769
198159
79864
236071
37364
7957
52118
79865
106770
185716
106771
65858
92914
7959
260873
248129
22887
160156
198161
160157
37366
236073
52120
79867
65859
22889
260874
172683
37368
172684
211171
79868
248130
7961
223315
211172
260875
185719
22892
236074
272753
223317
92916
160158
65861
172686
223318
223319
134392
52122
147009
7963
52124
7962
79872
65863
7964
106776
79873
22894
7965
211174
92917
7967
79874
22895
106777
134396
79875
134398
106779
52126
37370
22896
260876
223320
272755
7968
248132
185720
37374
272756
65865
185721
79878
120789
37376
7970
172688
22898
134401
92920
7974
7972
7973
8022
260927
260925
260929
272817
260931
260930
260933
272818
272825
260934
272827
272829
272833
272830
260939
260941
260944
260945
272837
272836
272839
260956
272843
272841
272844
260959
260957
260960
260958
254263
260968
260978
260981
260983
272868
260982
260994
254264
261017
211227
8023
261039
8025
22948
65922
8024
22947
79930
120844
223379
92973
92984
106831
92985
79931
79932
79933
147067
236130
106832
92987
248199
79934
134455
92989
236131
236133
120847
79937
79935
79938
134462
147081
93001
92993
198237
79939
79945
198238
79943
79944
211248
236157
79946
8026
8038
8039
8046
8042
8047
8051
8048
8049
8059
8058
8060
8073
8061
8074
8080
8075
8081
8083
8082
8084
8085
8087
8089
8091
8090
8092
8094
8093
8096
8095
8097
8099
8100
8098
8101
8103
8104
8110
8108
8106
8111
8113
8114
8116
8115
8119
8118
8117
8120
8121
8122
8124
248216
8123
52179
22950
223418
22949
37437
127568
37436
22951
120874
8125
8126
8127
160263
160262
261110
93017
22953
22952
79952
8128
37441
134490
8129
79954
211264
261114
8131
93021
8130
185810
120883
147132
198270
160268
185813
185812
134493
106858
8132
134495
22955
93024
22957
147136
134499
22956
134500
8134
22959
8135
22958
22960
8136
8137
160276
8138
185815
8139
211273
185816
120895
93027
185817
172814
160278
37451
185819
261124
223433
79963
8140
134503
106869
8141
185822
8142
172818
22961
52190
134505
22964
22963
72501
185824
273012
178811
72503
72504
72502
248251
248253
248254
248252
248255
248256
248258
248257
37456
37457
172822
172821
172823
99164
134508
44315
134509
134510
134512
134513
134511
178813
127573
37458
127571
37459
127572
127574
52192
120904
134515
8143
236187
223445
261131
22965
223446
79968
22970
160287
120906
93038
22971
93036
147152
37463
37462
198293
37464
211290
79971
65946
172826
120911
236191
198303
147160
198305
248278
52195
37465
248280
22973
236193
22972
273018
37468
93043
120920
134523
22974
37469
65958
120923
248283
22975
106887
106883
22976
106884
106888
22977
52198
261140
79975
37472
37473
37471
211295
261141
52199
198312
261144
261142
261143
172832
198313
223460
248285
198314
185834
147164
52200
248288
236196
37474
273022
22978
120929
37476
93048
134531
65964
120931
22979
248290
106896
120932
22980
134533
65965
120935
52203
37478
8144
106897
37507
37495
8160
8172
8173
22993
120937
22981
8178
8174
8190
23025
8195
79984
147167
23029
8197
8196
79985
8199
120953
153178
8198
66026
23035
8204
8203
79988
8206
147170
248310
99169
99170
23041
8207
23042
52262
8211
8212
236206
23044
37558
37557
23045
172856
236209
8213
23046
198342
120965
198345
37573
8214
52279
23048
23059
72509
23067
23065
52300
23062
37583
37590
14773
23069
23070
37594
273075
23072
236234
120990
23073
23074
66060
93093
134583
261178
198394
172894
80035
23075
93104
52321
273080
37605
23085
223570
80047
80046
37606
106980
37607
23086
248361
80049
23088
23087
172908
23089
23090
23092
23093
23096
23095
37615
37616
198414
147237
93112
37617
66076
172915
37618
80055
254273
106989
37619
273086
66078
37620
106991
23097
37622
160363
223580
52329
37623
23098
37624
37625
93118
106996
37626
23100
160368
37627
23099
211362
93124
23101
23102
248370
80060
52331
172925
198424
23105
147247
23103
23106
23108
37633
37634
66088
66087
121020
172931
80064
107007
37635
23109
273098
23110
273101
23111
23113
37640
107011
223593
37642
37643
37641
37644
52338
37645
37646
52341
107016
223595
236275
52339
66097
52340
52342
52343
8215
80070
160392
248387
23114
93157
160393
121053
160394
23115
8226
93158
23117
248391
8228
211386
23118
223616
134636
121056
121057
273119
107032
23119
147277
80083
160406
8229
185931
8230
236290
248395
52349
52350
160408
8231
93163
198471
147280
23121
248398
80086
23122
121067
8233
23123
23125
80089
147281
160410
160409
8234
248400
236294
236295
8235
93165
23126
23127
134654
107036
261223
107037
248403
236296
93166
223632
8236
223631
273151
8265
261261
211436
236340
8277
147316
153186
14776
23169
134707
8280
248450
236346
273177
8286
8287
8288
8289
23177
8291
8290
223682
23178
23179
8292
23180
204281
8293
8306
23181
107095
178823
8322
23187
8326
37749
8325
23209
8330
80174
52434
8331
23219
14781
23223
8341
8340
23226
107117
8346
107123
273204
93262
23233
23234
8351
93263
52462
134768
173040
8359
8358
80192
23246
8360
52464
121155
23247
147376
23248
8371
8372
23249
23253
37794
23255
23254
93279
8374
80214
23257
8390
8375
273209
8391
8392
8395
52474
211496
8475
8444
8469
8477
8483
8487
8484
23375
8489
8488
8490
80402
93447
23387
8501
8502
211549
236439
23388
23389
8503
23391
23392
236446
8504
134883
211553
23396
8507
107334
8513
8512
23402
23407
23406
23408
23409
8515
8517
23411
8516
38006
23412
186160
8532
38007
8533
38013
38008
8537
134894
8538
8539
8541
23416
8540
93475
52693
23422
134898
66432
23423
273280
147483
147484
23424
198671
223799
52696
8543
8545
107353
160654
23425
80453
93480
23426
8547
8549
8552
8550
236499
52700
8554
66441
107355
173164
8557
8556
8559
52712
198677
8564
8565
8563
8740
8668
38124
198680
8742
8743
8741
23623
23630
80598
23629
261497
8750
8751
38209
223880
248644
147584
160762
135009
93592
147586
107476
52857
254285
198759
23633
273359
248645
248646
8759
8760
66617
23634
23637
8762
23636
223886
173263
273364
107484
211708
38213
248651
8764
23639
8766
23640
223888
8765
52863
38215
80614
121395
80615
211711
8768
186288
248654
107489
23642
8777
160787
23656
8785
23650
8787
23658
261527
52880
8789
52882
223909
273386
223910
23661
8791
273388
8792
8793
23662
66650
8795
223918
8796
38245
23664
121419
8797
198794
248678
38246
23665
8798
160798
93624
107511
38247
66653
8799
8800
8801
23666
93625
8802
135042
52893
8803
198797
107514
8804
107516
223920
93628
135044
273397
23669
147627
198799
236620
248682
248683
186315
248690
93629
261537
72520
248691
8805
8806
135048
273416
23670
147628
160801
8808
80639
93638
52901
8809
121427
23671
8810
93640
107520
23672
23674
38251
211739
121429
8811
66657
23677
173298
93641
52903
8812
147631
236622
147632
261542
273419
52904
93643
223930
23678
135050
160805
8814
80642
23679
261543
93645
93646
273421
14784
8815
52906
173300
80646
8816
135057
38255
261544
38256
121437
52907
198805
160807
121438
38258
93651
223931
121439
23680
211740
160808
147636
52908
8818
211742
52909
135060
223932
211743
121440
273424
186322
211745
135061
121441
93653
107524
107525
273425
23682
8819
211746
198806
80648
80647
248715
198807
80649
8821
261548
273426
52911
52910
23683
248716
8822
135065
52913
173302
135066
80651
93654
38261
261550
107529
121442
8823
23684
38262
66659
160813
8824
236627
186326
135067
261552
93655
107530
8825
23686
8827
80653
261553
80654
261554
80655
236628
38264
52914
52915
121444
38265
223934
93657
160814
211748
121445
147638
52916
8828
198809
273430
23687
52917
8829
8833
8834
8848
23707
8849
23708
173323
66680
173327
23709
8851
147663
8850
8853
93677
23712
23710
8854
23714
66689
121480
8855
236659
23715
8858
8856
8860
8859
8863
23750
52981
8864
23751
23752
8865
147680
8866
23754
8881
8870
8867
8869
8891
80708
23773
8893
121524
23775
173368
66730
8894
8896
93726
23776
8897
8898
14785
14786
8901
8902
236702
23781
8911
53025
121550
160896
23791
107628
8915
8912
66750
38355
23792
38357
236713
8920
80752
23799
8923
186411
80755
23800
53033
93746
53034
121554
8925
273512
53036
93748
147728
135155
66756
53037
53038
80758
8926
23802
8931
80759
66761
93750
8932
38361
23805
23806
93753
23808
8933
135166
236725
273519
53045
53046
173397
160908
23810
53047
236726
8934
66766
121564
23811
273521
173399
186422
248809
186423
198909
38364
211841
107644
23812
186424
198912
8935
53050
53051
147733
8936
273524
160912
53052
173401
173402
23814
236729
80765
121568
198913
261665
23815
53053
160913
248813
38366
186430
38368
8938
66768
53054
23816
8937
160914
261666
8944
261675
248824
8945
23823
53061
53067
8952
93779
160924
23829
38389
121588
53068
8953
23830
38392
8954
8956
66789
14787
14788
80786
8955
53072
211857
53071
23834
23835
8958
8959
273540
8962
8966
23839
8973
23849
8979
8969
23850
261695
8990
8983
23854
38425
160948
8993
153196
248857
121622
8989
8992
8991
23855
173451
38429
160950
53098
236776
23858
8996
23857
8994
23863
23864
178829
8997
99184
23865
23867
23871
236782
23872
23873
147782
273570
224087
53114
8998
229336
72526
38437
8999
9002
9000
93788
121637
261704
9003
80837
9005
23877
9007
178830
23878
229338
186477
23879
198973
9008
66828
14790
14791
204287
14792
254289
135223
254292
44337
229340
236788
44338
53121
23880
53123
38451
9009
9012
38455
9010
9016
23881
121642
9013
211892
147797
147794
211894
121643
72528
9017
38458
23883
9018
9023
9019
107720
23884
53132
23886
248875
23888
204289
23887
38464
93797
248878
9024
23892
23896
23898
53135
66844
147808
9026
147809
23900
23902
248880
23901
66846
135242
23903
38468
38467
38469
23905
178833
66850
224102
9027
9028
23907
9029
9031
9033
53141
9032
121669
23908
107736
9034
9035
53143
107737
53144
53145
66861
72529
173487
66862
9036
72530
23911
153201
44339
23912
254295
80867
9037
38480
153202
186496
53149
9038
9039
153203
53152
23913
9040
80871
9041
147828
173498
135252
93811
80872
229343
23914
9042
66869
261725
135256
23916
23917
9043
248891
9044
53159
211912
178835
38487
23919
9046
23920
9045
121683
23921
53164
66872
121684
224123
9047
38490
147838
53169
9048
23923
9050
173506
72531
147839
80889
53170
23927
160995
53176
53177
53178
273601
23928
9051
93814
9052
38494
186515
199007
186516
23930
147843
38497
121692
9053
23931
9054
107761
53182
38500
135273
161006
9055
186521
186523
9058
9059
38505
161007
261737
161008
23935
9060
9061
186526
23938
9062
9063
121697
147853
147854
107769
9064
38509
80903
9065
9069
9070
66888
204293
9075
9088
9090
107793
224138
224136
9091
9092
23971
9094
248907
173525
9095
23972
9096
38541
161019
23973
93833
211935
161021
53233
147867
23975
9097
147866
66912
23976
9098
9099
23977
38545
186541
261748
23978
38547
38546
23979
107799
107798
9100
23981
211939
224146
80943
135328
53237
147869
66915
23982
9101
248912
9102
236834
236833
93836
80945
80946
93837
248913
199024
23983
38551
23984
248914
9103
9104
23985
80947
173533
224147
199025
173534
9105
147870
186544
23986
173536
38554
248920
161027
248921
9106
66919
161029
248924
80949
107806
211945
38556
9108
9107
53242
38558
173544
211946
53243
23990
23989
173545
261759
53244
211947
23992
23991
23993
66920
186549
38559
199033
248927
248928
248930
248929
236843
236845
23994
161034
211949
224155
211950
211951
38560
199036
199035
66922
66923
186552
38561
135338
135339
93839
66924
121729
121730
173551
9109
107811
53245
93841
38563
93840
23996
23995
135341
23997
66926
38564
135342
38565
23998
186555
147882
38566
211952
9110
23999
9111
161038
236847
24001
135344
9112
24000
38568
173557
80957
66931
9113
53251
248937
261766
248938
186560
147887
9114
147889
147888
9116
9115
211958
135347
38572
186561
173560
9117
66935
9118
80960
9119
236852
53254
66936
24003
24005
38575
24004
248942
273630
9120
173562
107819
53259
121742
121744
107820
53260
9121
24007
147897
24008
224168
161046
135349
66940
273632
53264
121748
53266
38579
9123
24009
53267
147900
9124
38581
9125
211963
53268
261772
93849
224169
24011
38584
224170
261773
173568
9127
9128
9129
66949
53272
24016
248945
121752
9130
24015
173570
66950
199051
24017
24019
186566
24018
9131
93853
147903
53276
9132
273633
161052
53277
24020
9133
24022
9134
135358
135359
9135
204294
9136
24027
161057
24026
147908
93854
24029
24028
9137
9138
236866
261785
9139
24031
9140
24030
9141
186578
38598
161063
135366
199059
9142
9143
161064
199060
211978
9144
9146
9147
199065
9145
24042
24041
24040
211983
9149
24045
24046
161072
53299
9148
24047
9150
24051
24049
9151
24048
147921
211988
161076
161077
9152
9155
9154
186592
9153
24054
211993
9156
24059
9157
24060
24057
66981
9158
9159
121777
66984
24062
9161
9160
9162
9164
9163
199073
9168
9169
9165
9166
9167
199077
9170
9172
147933
224191
9171
135383
224192
147932
9173
173596
9180
9177
147937
9174
9178
135391
24080
24081
24084
44341
24087
14798
14797
14794
24089
9182
14799
14802
24092
14803
24093
24094
14804
24095
9185
9186
9187
14805
14806
9189
9188
14807
53361
212002
236891
24098
93880
53369
38657
121791
107882
53370
107883
53371
147948
67019
135395
199084
121796
248976
24101
9193
9190
135399
93881
9191
53373
186613
224203
248977
273655
147951
38660
173612
261804
67022
38661
107887
224205
121800
38662
24104
24105
53376
186615
9195
224206
173614
224207
9196
107889
273659
186617
135404
135405
273658
147953
224208
248979
67024
9197
38663
38664
135406
9198
261806
107890
53377
261807
38665
24107
261808
24106
186618
67026
81050
224211
9199
224212
173617
248980
147956
67027
9211
9202
67040
173628
153207
93899
53390
9212
53392
273681
81065
9213
9216
38683
67044
67045
9217
173633
236917
9218
24122
186636
249007
9219
24125
9222
24128
9223
24129
38690
38692
9224
81077
224248
9235
24142
9237
38713
9239
53415
38720
9241
53417
24144
212047
249026
236944
53418
273710
38726
38724
9246
24149
9247
24150
38744
9259
9260
173667
9261
24163
24165
9262
53437
9264
24167
9266
9268
53439
38756
24169
53441
236973
9270
38758
9273
24178
24179
93949
53445
173675
148017
135466
249050
9275
53447
9276
9278
24183
9279
24184
9289
9290
9292
81142
67108
261907
93963
9294
24198
99197
161173
67110
24199
107974
81144
9298
24201
93968
161176
67118
67119
148038
9299
93969
9301
148041
81157
148042
107978
38786
121909
38787
249081
9302
93972
135486
199159
24202
53470
9303
161180
237005
212093
161181
53471
107986
24203
93974
273748
9304
93975
237007
38789
93976
121911
9305
199163
273750
9307
107987
9308
212096
261930
9309
148054
24209
148055
148056
212101
273759
173710
53480
135492
273760
107993
67127
186692
186693
186695
53481
67128
81168
9314
224310
9312
121920
173712
9315
9316
148062
273769
148063
53486
161199
212107
273770
53487
186701
108001
67137
67136
249103
53488
186703
81176
121926
224316
186704
161200
9321
173718
67138
148064
161202
186706
9323
38810
9328
81179
38884
224393
127599
24317
24329
67283
67367
9537
9539
53680
24401
24402
9551
9553
24413
53739
9558
9611
39103
24473
24483
53751
9614
24491
9619
9623
9625
24505
24502
24511
9629
9633
24520
9645
24522
24527
53786
24523
24528
9651
161492
262237
24532
108363
67504
24537
24536
161495
148406
135788
53791
108368
9658
24541
212382
24615
9744
9743
249417
274083
9661
9745
212459
53876
24617
9746
9747
237424
14812
9748
14813
24621
9753
249627
24629
9757
9755
9795
24663
9797
122473
9801
9826
9900
9877
9946
9976
108609
10019
10062
10061
10063
212691
249865
237706
224943
262674
10072
237710
94738
10084
81890
161828
24934
39572
94743
10085
24936
67895
249876
54149
10086
54148
94745
81893
67897
81895
39575
24938
10088
54152
10087
39577
24941
148771
237724
212709
10090
249883
10091
108728
249931
67911
39586
81909
24947
10098
161844
24949
108730
274585
249935
161848
81914
262741
108735
161849
10101
39589
187336
108738
24950
199854
262742
54158
10102
10103
24951
122737
24952
262744
24953
24955
225021
39591
94767
24956
249943
262749
10105
24957
249945
94769
10106
24958
249946
67919
274592
94770
148789
24959
108741
262752
67922
10107
54161
10109
54163
10110
39593
54162
136156
161855
249951
54164
212772
262754
187344
225027
174433
199863
39594
237790
212773
39595
54165
274597
148794
54167
225028
54166
108752
122743
161857
199865
24961
24960
39597
24962
274599
136158
54168
39600
10111
54170
212778
94777
249955
262759
187347
24965
174439
39602
225032
249957
122746
24966
39604
54173
24967
237799
39605
94779
274604
54174
212779
81931
148799
10113
54175
249959
122747
161862
94780
24968
24969
24970
108758
262761
39606
10115
10114
274605
54176
54177
136163
54178
10119
262762
10117
108760
10116
24974
39611
24976
24978
24975
39612
81941
39614
39613
39615
24980
24979
39619
24981
39620
94795
136174
39621
39622
39624
10120
24982
10121
24985
10123
10124
10122
10125
24988
10126
10128
10127
24992
161887
161888
187364
161889
10130
10131
249974
25000
10137
10136
10146
10147
25010
10152
25011
122841
10156
14820
10157
25019
25014
10158
10160
10161
10159
10162
81980
237847
25020
54229
122856
25021
25022
199908
39678
25026
225079
199911
39680
25031
81991
212840
81992
10184
25036
25037
161939
54242
25040
10186
212845
10189
10188
10190
10187
25046
10192
108878
250025
82009
108879
10197
25054
25053
25055
122905
108891
161960
148878
174522
10198
161966
14821
136258
136262
250034
54269
174527
10201
10207
10204
274685
262844
25065
10209
122920
25067
25068
25069
94874
122921
108916
161974
108917
10210
199950
25070
122925
212887
199951
68016
250038
262854
237913
10211
94877
25071
10212
39712
10213
199956
14822
25072
14823
161976
82024
94879
161978
25074
25073
39716
237916
25075
250043
10214
237917
250044
237918
161980
122931
39719
39721
25076
108925
148898
108926
161981
39722
108927
54285
212893
54284
10216
274696
148899
187449
262861
39723
25077
199958
136276
174544
10217
108928
94886
187450
161983
82027
25078
174545
10218
225125
82028
68021
250049
122937
225127
212960
25081
212896
94889
10221
54338
10272
10435
10436
10437
10438
10439
10440
136494
25306
10441
10442
10443
10446
10444
68245
136503
10458
274836
136519
149130
82270
250190
149132
10459
39964
123176
95126
25328
274839
238072
149133
200195
25331
39965
263016
136520
250192
263017
95127
136521
213046
82271
123177
54526
200198
263018
10460
82272
10461
25333
238073
82327
136523
10567
10568
10575
10574
54590
10576
10577
10610
10588
82348
25484
10629
10630
10631
40135
123293
95244
10632
25501
40136
95245
25502
123294
82387
54643
10633
136640
95246
25503
82390
25504
82391
25505
162340
250308
162339
54645
174898
10634
213156
263126
136642
68376
109285
40138
149255
250311
250310
238182
109286
274953
187807
25508
213157
174900
238184
225387
149256
274954
162343
82393
123296
54646
200317
162344
109287
68377
136643
238185
123297
149257
174901
82394
200318
213159
10635
187809
123298
109288
68378
10636
10637
82395
123328
109311
10659
25532
10660
10661
25531
25534
10663
25535
10665
25537
10667
10669
25539
25541
40171
25543
10670
10671
25545
54680
136675
10672
25546
95283
82429
14824
10673
10674
10675
25550
25553
25555
25556
274995
25560
10676
10677
25562
123359
200358
200359
10680
10683
10682
10686
10687
10690
68432
10692
10693
25577
10694
10695
10696
10697
10698
54712
109357
10699
238248
25586
10702
25587
10700
174964
149325
204330
25589
225442
54718
10703
25592
25599
54744
10705
25596
25594
25603
10706
213245
25601
25604
25605
10709
263201
10711
10712
25606
149336
25610
25608
123414
10714
238263
25611
25613
10716
238267
10717
25615
54769
10721
25627
99223
25623
40234
10727
10729
238281
275041
123454
82525
25633
25634
149357
25636
68477
25638
25639
263226
25640
238283
14825
54787
136781
25641
54788
187935
25643
25642
213280
14826
136786
25645
54797
10730
25648
10732
153248
10733
25649
40241
10735
10736
95353
10738
225491
187953
25653
10740
25655
40247
10741
10742
263250
25659
10744
10745
25662
153249
25664
213301
25665
25669
109444
10747
25668
40256
95367
25670
10750
213305
149383
213308
200438
10751
25674
25675
175024
10753
10752
25676
25678
82566
175027
25682
25683
25681
263268
250439
10759
225509
25684
10761
175029
14827
238329
225512
10762
54837
175034
10763
25687
10764
25688
10766
187990
238335
10768
109471
263278
25694
25693
40281
82580
25697
25696
25701
25700
68530
149408
72588
250457
149411
95398
72589
204343
204341
127619
95399
188001
72591
204349
188003
175055
254345
254344
72593
229383
68532
44379
68531
200461
25703
250458
54852
10773
10774
82584
162545
25705
204350
10776
40286
25706
175064
25708
25707
25709
68538
40287
109487
40288
10777
72595
25710
200469
82590
10779
109491
82591
25712
200470
136876
213340
188013
25713
136878
54861
10780
40291
10781
109493
109494
25714
40295
10784
25715
213343
149421
136882
162558
188019
162559
10785
14828
25716
40297
25717
25718
10786
109499
175075
40299
213349
82597
10787
82598
82599
25719
25722
25723
40303
40301
40307
25724
40311
40323
40315
40319
200477
25728
40327
10788
25733
10789
25734
153289
178876
136901
204358
14832
14830
127643
10791
14840
14834
14836
14838
250474
68589
10793
14842
54882
54883
10795
178880
10796
25735
25736
25737
10797
153317
225558
178882
213358
68592
213360
225560
213361
225562
225568
225570
25739
250493
213367
238367
250495
225572
250496
238368
136909
238369
40346
40343
10799
95457
82618
123600
25740
175115
275111
10800
95458
25741
109523
162575
225574
175117
40349
149466
82619
149467
68595
149468
250498
275113
54887
149469
136914
95459
188039
263301
95460
200493
95461
213369
25742
109525
10801
25743
225577
213370
175120
95463
213375
162578
25745
54891
40351
10802
200496
10803
54893
25746
136918
82625
10804
109529
200498
162580
25750
275116
153318
95466
225580
188042
10805
136919
275117
162581
25751
109531
40352
149477
68599
200505
40353
25752
10806
109533
250519
188046
95468
109539
123614
10812
10811
25757
82629
123615
136925
54905
275127
263313
82630
238382
162586
54906
82632
225594
238386
263315
213388
225595
25760
25758
225596
250523
213389
10814
225597
213390
95477
238388
263317
225599
10816
213392
25764
25763
175130
95479
68609
238391
54909
10817
25765
225600
213395
149481
68610
40363
225601
149482
275131
225602
95480
54910
213396
10818
213397
25767
68611
136929
25769
10819
25768
275132
82637
95481
263323
25772
25770
275133
10820
162590
14844
95482
10821
263324
109545
275134
54915
188053
82641
263325
225608
10822
275136
238394
25773
25774
82642
54917
40368
213398
149484
54918
123624
149486
123625
162591
68612
213399
188055
54919
213401
136939
25775
225609
54920
200522
68613
95488
136942
200523
54921
25776
123627
213402
10824
225611
40370
109547
275138
263330
213406
123629
263333
225612
109549
213407
109550
95489
188059
188058
95491
10825
68614
213409
25777
109552
25778
40371
40372
275141
213410
200525
250539
82645
200526
82646
263335
275142
82647
54923
82648
200527
10826
136949
25780
250540
54960
136986
250559
25816
213428
95513
25817
25818
82685
40394
54962
149511
213429
250560
225633
10846
68636
175154
25819
188078
25820
200546
10847
54964
40396
175156
123652
149513
54965
136990
25821
10848
54967
40398
238427
109592
40399
275160
149515
213436
123654
275161
225636
213437
109594
263355
82689
213438
188082
95515
188083
109596
263356
54968
213440
95516
10849
82690
68637
25822
95517
109598
40401
25823
40400
68638
275162
10851
200550
10850
213441
275163
25825
250563
263358
25826
82693
263359
82694
175159
10853
10852
54971
109601
200551
82696
136996
10854
238431
25828
54986
123670
149531
162635
54987
137011
137012
213455
82711
200564
14846
275175
14845
54988
10868
123674
238454
25844
54989
25845
10869
54992
188102
25846
175192
40420
68658
123679
250592
137018
137019
10870
263385
40421
25848
10871
25849
250595
25851
275181
238459
54997
10874
10873
263393
10875
175196
188107
225653
238462
10876
225654
10877
213458
123688
10878
188108
40428
40429
10879
10880
25854
10881
55001
123690
109626
10884
10882
10883
10885
225685
25870
10900
25875
95574
10909
10947
10908
10987
11024
11064
26013
11070
82899
72636
137292
72637
11074
11076
200859
11075
188369
213716
200860
11077
26020
11078
225997
11107
55201
95772
11109
11108
226003
11111
11112
82938
82936
11114
11115
275486
250973
11116
40656
40655
109918
162990
11145
109917
95845
124053
11176
11186
99276
26113
137425
26115
26126
226127
55281
11191
175617
14850
14849
83018
26139
201034
11201
11204
55285
26144
26147
149974
26146
201042
11206
55288
11213
95870
149986
26152
11216
275590
275591
275592
137458
11217
26154
83042
11218
55294
26155
11219
40753
26156
11220
55296
163075
238877
238879
263793
11222
11221
11226
11227
11223
11228
11229
11232
55337
11240
11241
11242
238896
95901
11246
26208
251108
11249
55345
150017
26211
26210
40784
11251
11253
11255
11254
26215
137488
11259
137490
11260
40815
11281
11318
11353
26352
11391
26356
11401
26364
163233
11407
40946
188712
55501
251252
26375
11416
26376
11424
11433
11454
11456
55550
83287
26422
26424
55553
188756
124330
11461
83289
11462
11463
11465
99287
11467
11464
11466
11468
11469
11470
11471
11472
188761
188762
188765
11473
26426
188764
26427
188771
11484
26434
11485
11491
251300
11498
11493
11503
26442
175887
26444
11506
26449
251316
41049
26451
11509
26461
11511
55582
251318
251319
11512
11513
251320
83327
251322
251324
11515
26462
11516
83342
214123
124393
83345
275828
69275
110277
188809
201317
69284
26483
137725
26484
26485
11529
188810
26488
26490
11530
11536
41084
26502
26501
69295
251339
110298
55617
99298
99297
153345
178915
55618
14859
26503
110327
41091
96176
26509
175950
14860
83371
188849
83372
188851
110331
41092
14861
69305
26511
26510
69306
69307
26512
14862
26513
55629
26514
14864
41094
14863
26515
14865
41095
26516
41100
41101
214173
26517
69316
137779
26518
110342
14866
26519
83387
26520
69319
41102
69320
69321
188858
41104
26521
26522
69322
69324
226427
14867
26523
26524
239146
69327
26525
41108
26526
14868
41109
41110
41112
26527
26528
14869
188860
26529
163391
41114
14870
26532
26530
239148
137786
41115
163395
55647
26533
41116
26534
14871
26535
26537
26536
239151
69336
41118
41119
41120
26539
69340
69338
26540
26541
26543
41123
188873
175972
41124
26544
26546
14872
175974
124474
150343
55662
55663
69348
110363
55664
137798
44408
55665
69350
188881
55671
99304
69355
229421
55676
69358
69369
55693
124513
55687
44409
69370
226463
163430
69371
239169
55697
124514
55696
124516
69372
251390
44410
55698
55699
55704
69374
201407
83434
55708
55706
55707
214226
96233
69377
69376
176001
44411
55709
110398
55711
55710
69379
69380
55712
124526
226470
188913
239181
55714
251397
251398
251399
69382
55715
44412
69383
55720
69384
150373
55721
264082
55725
55723
55722
55724
55727
55726
55729
55728
69390
251519
55731
69391
188917
226584
55732
55733
176118
275977
55734
96245
96246
201526
251526
110413
150381
110412
55735
55736
55737
69393
44413
55745
214243
124547
69401
55746
239196
55747
96254
55748
214245
55750
201529
96256
214247
96257
44414
44415
83456
55752
188923
55751
55754
69405
55753
69404
44416
55755
55757
226592
44417
69408
55756
83459
69409
69410
55758
110428
55759
96264
55760
264096
55761
96268
69415
44418
83463
55763
55762
44419
69418
69419
55764
69420
55765
150400
44420
69422
55766
96276
69423
96277
150402
69424
55768
55767
55771
124582
44421
44422
69430
69431
55772
44424
44423
69434
55774
55776
55775
55777
96290
150413
264110
83485
55781
251575
201575
55782
55783
188948
55785
55786
11537
11549
26557
11550
11551
137894
11554
239250
26570
11563
188977
11565
11566
26573
188980
214305
83521
11567
11571
11569
137905
11572
69530
137910
83529
55820
55821
239269
239268
276121
83532
251657
11573
11575
41166
11574
55825
11576
11578
176278
11579
189000
83542
11582
11584
11580
11585
11587
11590
11589
41182
11588
11591
11594
11595
226737
150555
11599
11614
11616
26628
11618
26632
26630
11625
69590
26634
11626
11627
11630
11633
11631
150578
11635
55887
11636
176339
11637
11638
11645
11643
137991
69612
11646
11647
110563
110564
41239
176355
41240
138000
138001
138004
138005
150603
110567
11649
11651
11653
110575
150611
11658
138012
11662
11659
176382
138020
11668
11667
138023
11671
189103
11677
11680
11682
138033
138028
138031
11684
176401
276243
11687
150657
226856
11696
11695
11697
11701
41298
11705
11703
11706
11710
11711
11712
214466
11713
11715
11714
11716
11717
176447
11718
11722
11721
11723
11724
239427
11726
239429
26740
26736
83695
11727
11730
11733
11734
201839
11739
11737
55997
11741
14878
11742
14879
110661
11743
11748
11746
11747
110674
11749
11753
11760
11761
26772
11766
150727
26781
26783
163720
11774
26789
26788
11779
11778
239478
26794
72684
239480
226946
26801
41387
11795
11794
201883
11796
83759
11800
11799
11798
11797
11801
26809
11802
11803
26812
26811
11805
26814
26815
11807
11809
26817
11810
26819
26821
41407
41408
41409
251900
41410
41411
41412
41413
41414
41415
41416
41417
41418
41419
41420
41422
41421
41423
41424
239519
41425
41427
41426
41428
41430
41429
41431
41432
41433
41434
41436
41435
41437
41439
41438
11812
11811
41440
11813
26824
11815
26826
11816
11837
11827
11833
14883
226981
41468
44434
11845
14884
11843
11844
239551
150778
138129
99332
83797
110735
26853
11846
11858
264440
11857
41487
26858
11862
11864
11866
41489
69836
41493
96674
11869
264450
110759
189264
26869
41494
124934
69844
41498
56148
26870
163798
11873
69846
26871
163800
41499
26872
26877
227010
11878
11877
69850
227012
26882
69851
56161
69852
214599
176569
11880
264462
264461
26886
26887
276436
56169
251971
227016
11885
41507
227017
26904
56188
214621
163820
56191
138187
83847
176586
110794
26905
41521
163824
176588
163826
163825
11900
83851
276466
11901
96709
11902
264492
56197
11905
11919
11903
110815
41541
26924
11921
41546
11922
56217
41548
69895
26926
176611
56219
96732
11923
26927
176612
26928
41551
11924
124994
150859
227066
11926
163852
26931
176615
163853
26933
26932
83879
252017
11927
41553
11928
26935
41555
11929
41557
11932
56233
56234
11930
227068
264520
110825
11936
11934
56236
11955
41562
11957
11956
11958
125064
12001
27029
56321
151058
12121
264723
12128
12123
12129
12192
56489
12194
12197
12195
12199
12200
111111
264752
12206
27206
12205
202237
97026
27207
264756
164114
12209
12208
252260
264760
12210
12213
12214
151150
27211
12215
214890
41839
176896
27214
14892
41841
239882
14893
27215
41857
99345
56504
111123
41862
239906
27216
56507
27217
164135
138498
189631
70212
27226
27224
27225
41870
27227
111141
27229
41871
41874
56523
111143
84159
27232
27233
97082
27234
84162
111147
264769
276744
276753
276747
264774
264789
276774
254407
264777
264790
264792
264816
264836
214979
84195
125425
189685
214986
189687
41883
41882
41881
227393
111184
70228
84204
27241
111189
84207
84224
27242
164254
202394
27244
138619
41886
56546
56545
138620
202398
164258
70230
41887
70234
138621
164259
70235
27247
151299
138622
56553
151301
41890
27248
125503
111263
70236
27252
177054
84251
164272
41892
111267
202414
97180
178950
189785
84253
56555
215096
70244
41894
27253
70248
27257
27259
189790
111275
56566
84258
41897
27260
202433
164280
70249
27261
84261
27262
111276
84263
84264
84288
264857
264859
264858
276830
264863
276835
276837
264871
264873
264872
264877
264874
264876
264879
264878
276852
264880
264896
264916
264943
138696
138695
240179
227597
41904
97246
215213
189907
240187
189905
215216
41908
97252
84318
240192
27267
27266
41911
189912
111342
27268
215221
27269
177138
111345
84324
84345
27270
12220
111416
27271
12224
41924
41926
27274
12229
27273
12226
12230
12233
27278
27279
12237
12234
12240
12242
12258
12263
27286
12265
12270
12272
12280
12284
12289
12287
12294
12296
27289
12300
12301
151463
41942
125689
12307
27293
27292
12312
138810
12319
12317
12373
27322
12349
12374
12377
12399
12398
12402
12403
12406
27332
27331
12407
12410
12413
12414
12416
42022
12418
12419
151530
27338
27340
12424
12425
12429
12428
42023
12427
12433
12432
12436
12434
12438
12440
12442
12445
12463
12449
12446
12450
12447
12451
12464
70387
12472
12473
70386
12474
12482
12483
70591
177279
42060
42063
42066
42074
42069
151574
70614
42079
27372
111502
125772
125777
27374
138854
252718
202686
138855
190048
138858
190049
215343
70618
42083
42087
84453
42086
27381
42090
27385
27388
42092
27391
70634
84467
27393
56879
227759
138862
227760
70635
227763
111526
111527
177315
84468
190070
190082
190092
190096
111528
84469
190118
190115
84481
190129
190145
190154
252838
190157
42100
276970
240443
240445
264979
27394
276974
276975
264980
12484
240446
202801
240447
138901
138902
177370
227870
215456
215457
190160
190161
202805
151644
190163
177371
177372
164533
56880
177375
164535
164536
138903
151646
138904
138905
70640
111566
125852
70641
125853
27395
111567
42103
97431
84499
97432
97434
84500
84501
12485
70645
56881
56883
27396
42105
42106
42107
27397
27398
12486
12489
12487
138906
12488
252843
12490
12492
12493
27405
27407
153380
27408
42112
84508
12494
84509
12495
12496
12497
254409
12498
12499
111574
164547
240454
27412
12500
27417
42115
27418
164548
70656
111579
177384
12501
240456
12506
12509
202815
111584
151663
111585
190177
27425
27424
42119
12510
111586
99346
111588
27426
27429
12511
264997
111590
111591
111592
56906
12515
111597
265004
12520
111598
27454
138955
12538
111615
14895
27455
56924
56925
12539
138958
70689
27456
27457
12540
27458
56927
254410
56929
177409
27459
56928
202832
254411
12541
202833
97479
12542
84550
27461
42151
27462
99348
27463
125903
97481
12543
227909
12544
202836
177414
240478
42152
215494
164590
42153
56931
12545
42154
12546
27464
27465
12548
125912
12550
12549
70696
12551
111631
42160
27469
42165
151708
12552
12555
151709
227923
12556
27470
27471
12557
164600
138972
27472
12558
202853
177426
215505
265028
125933
56940
12561
27475
111643
56941
12562
265030
215507
111645
12563
27476
164606
164605
97498
70708
42170
12564
277023
84565
12565
12566
27478
215510
70712
97502
177433
151717
265034
12568
138980
202864
27479
111650
12569
164611
84568
265035
240499
240498
56946
56947
56948
27481
27482
97510
56950
56951
111655
265041
204429
190221
265042
252897
27483
240503
42176
12570
277035
56953
56954
111657
56955
215520
56956
125962
125964
125963
240504
27485
84579
97517
97515
240506
138994
265046
240509
277040
27486
12571
56958
70722
12572
27487
42182
42183
12573
56960
190231
42184
70724
227948
277043
164625
42186
12575
164626
125972
27489
12576
56961
12581
12582
265052
215536
265053
164632
215537
12583
27501
265054
12584
111675
56975
84592
27502
252909
215538
12585
56977
151745
111677
12586
56978
125983
12587
27504
12589
215540
125988
125989
111680
70737
139007
42198
56980
42197
12590
56981
190243
70738
42199
227959
164636
42200
27507
164637
12591
177462
56982
164638
277052
12592
70740
12602
177476
12611
12605
27524
97550
12612
84612
27525
56997
12613
12614
27526
27527
215554
57000
70763
70764
126025
164661
27528
265071
177490
164663
277075
27530
215555
177491
265073
227983
27529
164664
97556
265075
12617
12616
27531
12618
12619
12623
12624
12622
84621
204432
12626
57005
14902
14901
12647
57006
27535
27536
27538
12652
227989
27539
14905
12653
70789
12654
12655
12656
27540
70794
42269
27542
14908
12664
12665
27543
12666
12667
12668
84630
151818
12669
42279
57026
42280
97576
57027
202932
27549
12674
240576
202936
97579
42281
42282
27551
27550
252966
27552
70810
57031
12677
12678
164700
70812
12679
27553
12680
12681
240579
12719
126127
111794
177585
57096
97636
12749
229467
27624
84701
27625
215646
84702
12751
12752
12753
151885
177590
203003
240635
203004
265171
126132
97641
57101
12754
27628
27629
253030
228074
12755
12756
253034
27633
42362
126135
57106
97645
27634
70880
126136
111806
177601
27635
12761
57109
215657
12762
84714
84715
203015
27637
12763
84719
12764
240649
12765
42367
27640
12766
12767
12768
12769
27647
27644
12770
27650
12773
12776
12777
27655
12788
42392
12789
12794
12800
42397
42404
12801
27671
14911
42406
12802
27676
12803
27677
12804
42417
12806
12807
14912
12808
27684
42420
27685
27686
12811
42421
12812
27688
27689
27687
27690
12813
27691
12817
12814
14913
12819
42426
12818
12820
27695
27696
12822
12823
27697
27698
12824
27699
27700
12825
12828
12834
12835
12833
12836
12840
12838
27709
12839
12841
12849
12854
14914
12853
42451
12855
12856
14915
12857
27723
12858
12860
12861
12862
12863
12867
12864
12866
42456
12868
14916
27727
14917
12874
12869
27726
12875
12877
27728
12876
27729
14918
12878
12882
12880
12883
12884
12885
12886
12890
12888
12891
12893
12892
27731
12894
14919
27730
12900
12901
27732
12902
12903
27734
12904
12905
12906
27735
27737
12907
27736
42468
12908
14920
12909
27738
12911
12910
14921
12913
42473
27740
12914
14922
12917
12918
27741
12919
12920
12921
12922
12924
12927
27749
12929
12930
12931
12932
12933
12934
12936
12938
27750
12939
12940
12941
12943
27752
12942
27759
42494
12944
27763
12948
12949
12950
12977
13003
27769
13004
13005
27770
13006
57120
27771
13007
27772
13008
13009
27774
13010
13011
27780
27779
13014
13013
13015
42566
70892
27784
27786
42567
203025
42568
13017
164776
164775
151905
84729
177615
111821
13018
27788
240662
84735
13019
13020
97659
126149
203027
13021
164780
164781
42573
57130
27793
139137
13024
97665
203031
164783
190382
13025
277191
27795
139138
177622
27796
42574
203041
151916
190384
111830
13026
27797
57137
277193
151918
13027
84738
97668
27798
228097
13028
265198
215679
253057
70899
265199
203043
57138
13029
177630
13030
164787
84740
42576
228098
277197
111831
277198
27800
139145
215686
57141
27801
97670
70900
13031
240671
97672
253062
57142
70901
265206
240672
277200
151919
97673
164791
13032
27802
27803
84744
228100
111837
70902
13033
57145
111838
13034
57144
42578
139151
13035
215690
253066
13037
265212
253067
240675
42579
57146
215691
164795
57147
240676
42582
228102
164797
228104
215694
139153
228105
27804
215695
57150
57151
139155
228106
111842
111845
126166
126165
111844
111846
190394
57152
27805
277206
215697
84749
84750
265218
277207
13038
27806
126168
13041
42590
27813
13045
57162
27814
13047
253073
42596
97690
57165
215705
215706
84760
27815
13049
57167
57166
111855
27816
240686
42597
164807
126175
126176
111857
111858
164808
27817
27818
13050
277212
84763
84764
57171
13052
13051
57170
57172
57173
57174
13055
13053
13058
277216
13059
13061
97704
13062
190416
240693
84776
57190
13063
277218
139178
57191
13064
265229
190417
203070
240694
177658
57192
277219
84778
203072
164828
265234
27827
177660
27828
27829
228130
203073
126188
164829
111876
277221
240695
253082
190419
265235
164830
13065
151944
97707
57193
27830
111877
57194
42615
151945
13066
13072
42622
240697
13073
203081
228138
27832
27831
265238
265239
70934
228139
13074
27833
27834
164833
126195
111881
164834
151953
253086
84780
277228
139181
164835
13075
151954
97716
57196
240698
151955
84781
97717
57197
215724
151956
13076
27835
13077
42624
27836
13080
229469
27839
13083
13091
190441
277246
84794
13093
126217
151975
57212
203102
265260
164856
151977
27846
126219
27847
27848
13094
13099
42637
27852
13100
27854
13102
265265
277258
13107
27855
57220
13108
97752
13109
57227
42651
13112
27856
84799
27860
27859
42654
13113
42656
126242
13114
84800
42661
42663
42664
13117
126246
111917
42665
126247
126248
57229
27862
13118
13120
42666
27867
27868
57234
42670
57235
42671
70976
126256
42674
27871
13123
27872
97760
57240
13124
126260
13126
42677
27873
57249
57250
27875
126265
57251
13128
42679
111930
126268
57252
42680
70982
27877
42681
42684
42682
13129
57254
27878
13130
84808
111931
111932
27879
126273
57255
70983
111934
27880
13131
111937
42686
27881
111940
27883
111941
84811
27884
70986
27886
27888
27894
27892
126277
27890
13134
27896
126279
42690
27897
126280
111942
27900
253114
42691
253115
253116
240725
253117
240726
240727
240729
240728
240731
240730
13135
27902
57258
13136
228170
228169
228171
228172
57259
215752
215753
215755
215754
215756
215757
203114
203113
203115
203116
203117
203118
190447
190448
190450
190449
190451
190452
177698
177699
177701
177700
177702
177703
164863
164862
164864
151990
151991
164867
164866
151992
151993
151994
139208
139209
139211
139210
139212
139214
126283
139213
126282
126284
126286
126287
111945
111946
111943
111947
111948
97768
97767
111949
97770
97769
42693
84814
84816
84817
97771
84815
27903
70992
70990
70993
57260
57261
57262
57263
57264
27904
42694
42695
42696
42697
27906
42698
27905
27907
27908
42699
13137
13138
13139
13140
13141
57265
27911
27913
97775
126288
42702
84822
277259
126289
27915
42704
265266
277260
277261
265267
277262
265268
277263
265269
265270
27916
277264
27917
57270
70999
84824
253118
13145
177705
13146
177706
177708
177707
177709
177710
164868
164869
164870
164873
164872
151996
13147
151998
151999
139216
152000
139217
139219
139218
139220
126290
139222
139221
126291
126292
126294
126295
111955
111953
111956
111957
111958
111959
97778
97777
97779
97780
42707
84828
84826
84829
84827
97781
71001
71000
71003
71002
57271
57272
57274
57273
57275
27919
42708
42709
42711
42710
42712
27921
27920
27922
42713
27923
13148
13149
13150
27924
13151
97782
126296
27926
13152
126297
13153
27929
13154
27930
265278
277273
13155
13156
277271
265279
265276
265280
253123
13158
97800
14929
42732
71021
177731
203141
203140
71022
190472
27945
13170
152019
13171
27948
13172
27954
27955
13173
97805
13174
265304
27956
42747
27967
164914
164915
164916
14932
13185
164917
164918
228213
152041
13191
190497
13192
228222
112005
228229
27969
42761
265317
13199
126345
27975
57325
152054
265321
203182
27976
97829
42762
27981
57327
27983
27982
42763
153392
240774
42764
126357
13203
44459
97832
97833
190510
27985
112020
253157
14933
27986
127723
97835
126363
277321
13204
27988
13205
126365
190514
42766
84881
228239
57333
13206
42768
97839
139275
13207
164932
164931
13208
253172
190516
13209
57334
13210
164934
228246
13211
13223
203191
71048
13224
57353
28006
13225
13226
42786
112049
84910
13227
28008
71065
28016
28014
277343
42790
265340
13229
28017
28019
84915
13230
152089
190533
13231
112063
13232
42793
28020
84917
97863
13233
177802
265343
152092
190536
277347
42794
164958
28021
112065
28022
203212
13234
265346
28023
57364
13237
28025
13236
177804
28026
228270
13238
28027
13239
28028
228273
228299
277380
265366
277381
42820
28042
164980
28068
13286
204452
97921
190583
57415
84971
28070
57419
84975
57420
28074
71131
13288
152155
13289
84977
228338
13292
13297
28077
28085
165017
215900
139379
112133
253263
177885
152166
177886
139380
28095
57433
228349
253264
42874
253265
152167
97937
265403
203295
215902
42875
240854
71143
112135
57435
177887
71144
42877
265404
112136
277423
97939
13303
112137
84988
190610
42879
42878
190611
203297
165027
13304
139383
42880
228352
277424
13305
28097
57436
13306
28098
139384
253273
215903
84995
177896
42889
13311
28106
177898
203306
84997
42890
240862
97946
265408
112146
277431
215908
265409
57442
126467
71151
28107
165032
42891
265410
97947
71152
139391
42892
28108
139392
190618
14940
57443
84998
84999
139393
42893
240863
203309
13312
177899
253276
14943
14944
13313
97952
177901
126475
28109
28115
42916
28118
13326
13335
277448
42925
253294
13343
126495
277450
97963
152194
42928
28123
277460
190649
97967
71182
13345
112171
85030
228391
57465
178971
28132
139439
14945
153405
28134
57468
265437
85040
28135
85045
253309
28140
97979
13349
240898
240899
97985
13356
42946
228403
112185
42947
139446
13357
13358
165076
228407
28142
13359
215978
85056
28151
71202
215979
177945
139462
28154
277494
28152
85058
13369
85059
13371
190677
112211
177955
28155
228425
240917
253335
152236
228426
215981
152237
42969
139464
228427
42970
42971
240919
42972
253336
85060
139468
28156
139467
165090
57482
215985
203359
215984
203360
240920
139469
152238
71216
253337
139470
139471
85064
85065
126540
57483
71218
112216
190680
85067
152239
177957
215988
152240
28158
228429
126541
253338
13383
13384
265458
126544
165098
253340
42976
42977
215991
85070
152244
177960
13385
28160
98011
228431
13387
28162
28163
98012
13388
265462
215995
139478
203364
13390
98013
13389
28164
203365
71220
240923
152247
139479
139480
98015
139481
126547
85075
85074
13391
112222
71221
228433
28165
177978
139498
13403
13404
13405
57497
42992
42993
13407
253360
190702
28177
13429
13433
277552
13445
13453
28230
28236
265533
28240
126626
13485
13479
13486
13498
13497
43085
13509
13511
28286
13515
28301
13519
13521
85189
28317
13534
43123
85209
13539
28329
28328
13556
28337
43144
13560
253444
13569
13577
152391
152392
13587
139652
139653
28376
57683
28378
57684
13589
13591
28379
57686
13592
13593
13611
43178
28399
28380
28420
43220
28422
99373
28424
13636
28426
71451
13638
13640
13642
13644
28428
28430
13648
112443
85313
28438
28440
228581
28446
13654
28444
14947
28448
126744
126746
13656
13658
28452
13662
13660
241086
216151
28472
203526
265632
265631
13684
43256
14950
28476
13742
14951
13740
13744
13743
216172
13750
13749
13746
28543
13751
28544
13753
28548
28547
14952
13759
13760
43330
13761
13762
13764
28558
152520
13763
28559
28560
13765
57823
139769
43339
28561
203561
165325
14953
13766
190906
28562
178160
28563
152524
28564
28567
28566
28568
28569
28565
139774
85385
85384
28570
28571
28572
57830
57832
28573
28574
57836
71536
71541
71544
71543
13768
28575
28576
13767
57839
28585
13777
13772
28589
43355
28590
28591
228638
57845
13778
13779
216180
28592
265676
13783
13784
28597
13785
28598
13787
28600
13789
28602
126850
190925
13790
28603
13792
277689
28633
139798
28663
13794
28665
57921
28668
13797
13795
126857
13798
216253
112612
28669
13800
13801
28671
13799
71563
13802
85479
57927
28673
57929
112617
71565
28674
71566
13803
13804
71570
43382
28675
98330
13805
43383
28676
28677
13806
13809
13808
13807
126864
13810
13812
13811
13813
85485
112618
13814
28682
13815
85488
13816
85487
13817
254446
153413
127735
178982
204461
254451
204462
204463
254447
254450
254452
204468
254457
254455
254456
98337
254454
14958
229492
229494
204469
254461
14954
28684
13818
28685
13820
44491
165414
228715
57939
43395
153425
203649
216257
228718
203650
216259
190992
28687
190995
139866
13821
165415
71582
28688
13822
152566
13823
71585
85497
28690
191002
28692
13826
13825
13824
13827
13828
28698
13829
14963
28703
14964
14962
13830
28704
203667
13832
14965
13831
13833
28705
28706
28707
14966
13834
28709
14967
14968
13835
28712
13837
13836
14971
14970
13838
14973
14972
112647
13839
13840
14975
44513
28718
57972
28719
265759
253622
265761
178223
253623
165446
216281
216282
203682
13841
28722
254466
98378
43430
28728
228742
13856
13862
13870
13867
13857
98389
28751
13887
13888
28766
13889
28767
28768
204486
13890
13891
28769
13893
13894
43478
71656
165490
241252
13896
254467
13901
178250
13904
85582
126933
13908
43484
13905
28781
28782
58030
152623
203717
165492
13910
13909
28784
228780
254468
71661
71660
265793
58032
139944
178259
98409
13912
152628
126943
165496
265794
178262
241257
203724
165497
112707
28787
13913
71662
98410
85588
152629
13914
178264
112708
277809
253667
13915
58033
71665
265797
203727
28788
13916
126945
241261
152631
203729
216317
13917
28789
13918
58036
58035
277811
277812
178269
253671
165501
28790
277813
241262
241263
203731
277817
58037
216320
28791
265801
204487
241265
126954
277818
203732
139949
265802
126955
139950
277819
71669
152634
139952
241268
71670
165504
241269
265806
265805
228792
216325
216326
203733
203734
191084
28792
139954
126956
139955
126957
126959
112714
228793
58038
98416
71671
165505
43492
28793
241271
229498
241272
28794
216328
13919
277821
191087
13920
178271
28795
85594
58041
216329
277822
265809
139957
277824
58042
28796
28797
126963
178273
58043
216331
277825
139959
139960
126964
165507
126965
112716
126967
58044
71672
216333
43493
178274
28798
253680
14976
277828
85596
98422
216336
13922
58045
13926
139965
228804
13927
13934
13933
13930
28802
28804
13937
13940
28807
28809
13942
13956
13950
13944
13968
13962
13974
13986
13980
13992
14004
13998
14016
14010
14017
127756
28888
28890
14023
14025
28893
28898
14028
28900
28902
28896
28904
165620
153482
165633
165638
265928
153483
153484
28906
28907
153486
28908
153487
265953
112828
28909
265955
28913
14031
58161
216487
58163
28914
28915
28916
14032
153490
15018
28920
28918
153493
265985
216517
216520
28922
14033
28923
216521
14034
28928
265992
28933
28926
28931
28934
15021
28937
165720
28938
165726
28943
15022
28944
28945
28942
28946
241484
266016
241485
28947
266020
28948
112872
28949
241489
28950
28951
28952
191321
28953
28954
58206
28955
28957
191328
28958
28959
165754
28961
153500
58213
153505
15024
14041
14047
28977
14035
254539
277963
178423
14054
229574
14060
14061
14063
14069
14081
14075
15052
15056
14085
29026
14100
14088
14094
165878
228962
153566
153567
14106
266156
153572
216744
14112
15072
191550
140126
127168
29044
29042
29043
29045
44613
241648
29046
29048
15073
216756
29049
15074
14113
29050
14114
191565
29053
58307
29055
29054
29061
58318
14115
153585
153588
29062
15076
14116
14125
14118
153589
29238
14140
14161
14163
29240
29239
14164
14166
29241
29244
14169
14170
29245
14171
14173
14172
14174
43748
43747
14175
29248
29249
29247
14176
14180
14177
15093
14179
29251
14178
14182
29254
14183
85966
72896
72897
85980
85981
98662
85982
98663
85983
98667
85985
72898
85992
72899
98670
85988
85991
113104
98675
140249
14207
166050
29272
14208
216790
113106
14209
140253
14210
14211
14212
166057
58480
14213
14215
58481
58482
14214
15096
179131
14217
29278
152875
152876
15097
14227
29279
14218
191621
14229
29287
86025
14230
86026
191623
253880
229002
29290
166070
71989
266212
216810
216815
266214
253893
14231
14234
29293
14236
71995
14237
14238
29294
29296
14241
14240
58499
14242
29297
14243
29298
29299
14244
